2 935
2 1608
2 852
2 685
2 1846
2 657
2 864
2 953
2 1846
2 1668
2 906
2 1787
2 1846
2 1511
2 592
2 277
2 1846
2 1535
2 96
2 1424
2 1846
2 704
2 767
2 432
2 744
2 249
2 288
2 1864
2 744
2 1303
2 751
2 1202
2 744
2 1603
2 1888
2 1813
2 744
2 704
2 718
2 1479
2 744
2 1625
2 1218
2 1596
2 324
2 1810
2 1873
2 1915
2 324
2 1970
2 1292
2 2042
2 324
2 11
2 426
2 870
2 324
2 715
2 687
2 1665
2 324
2 1438
2 819
2 833
2 2018
2 659
2 599
2 1206
2 2018
2 1317
2 638
2 1688
2 2018
2 1856
2 1236
2 1983
2 2018
2 1062
2 1850
2 869
2 2018
2 1094
2 863
2 1610
2 984
2 1289
2 433
2 1366
2 984
2 1120
2 983
2 1974
2 984
2 1803
2 760
2 1504
2 984
2 1359
2 663
2 1778
2 984
2 1301
2 1419
2 1523
2 628
2 607
2 1458
2 680
2 628
2 1260
2 1549
2 605
2 628
2 364
2 168
2 1413
2 628
2 601
2 731
2 1610
2 628
2 1715
2 1537
2 183
2 1721
2 249
2 1688
2 1884
2 1721
2 303
2 1615
2 188
2 1721
2 986
2 1711
2 665
2 1721
2 1121
2 1346
2 1215
2 1721
2 847
2 1820
2 641
2 334
2 1988
2 6
2 818
2 334
2 737
2 380
2 214
2 334
2 1917
2 398
2 1874
2 334
2 38
2 1711
2 1726
2 334
2 1278
2 1915
2 1945
2 341
2 1578
2 562
2 1809
2 341
2 1908
2 976
2 986
2 341
2 749
2 1627
2 1920
2 341
2 1633
2 690
2 1231
2 341
2 1070
2 1445
2 727
2 322
2 1843
2 553
2 1058
2 322
2 216
2 737
2 174
2 322
2 604
2 71
2 1710
2 322
2 634
2 1472
2 786
2 322
2 400
2 1772
2 1202
2 494
2 1351
2 1074
2 1839
2 494
2 1764
2 1022
2 1259
2 494
2 419
2 1986
2 1727
2 494
2 491
2 737
2 48
2 494
2 1474
2 223
2 154
2 708
2 294
2 1865
2 165
2 708
2 1289
2 951
2 1423
2 708
2 676
2 577
2 791
2 708
2 1652
2 582
2 916
2 708
2 1604
2 127
2 107
2 1368
2 65
2 1834
2 190
2 1368
2 524
2 239
2 1264
2 1368
2 462
2 1419
2 2029
2 1368
2 1236
2 146
2 1685
2 1368
2 1097
2 1060
2 118
2 477
2 1637
2 909
2 1753
2 477
2 1491
2 621
2 562
2 477
2 748
2 669
2 1023
2 477
2 456
2 1213
2 1369
2 477
2 1452
2 586
2 930
2 980
2 2005
2 911
2 623
2 980
2 1057
2 260
2 1670
2 980
2 1320
2 1788
2 1880
2 980
2 650
2 1585
2 103
2 980
2 158
2 665
2 1141
2 93
2 1334
2 116
2 1719
2 93
2 1329
2 1041
2 722
2 93
2 1627
2 1653
2 600
2 93
2 516
2 1223
2 729
2 93
2 1483
2 351
2 1681
2 1574
2 91
2 1513
2 1665
2 1574
2 1051
2 1768
2 835
2 1574
2 385
2 1976
2 68
2 1574
2 44
2 1787
2 1462
2 1574
2 780
2 136
2 59
2 1373
2 1789
2 660
2 1943
2 1373
2 1883
2 624
2 1832
2 1373
2 975
2 1465
2 26
2 1373
2 930
2 1691
2 1808
2 1373
2 1411
2 595
2 1143
2 1981
2 523
2 1211
2 1468
2 1981
2 950
2 882
2 1941
2 1981
2 1018
2 2000
2 42
2 1981
2 612
2 1986
2 1018
2 1981
2 562
2 802
2 1767
2 448
2 219
2 1793
2 557
2 448
2 1437
2 317
2 1083
2 448
2 913
2 178
2 549
2 448
2 1389
2 2017
2 2004
2 448
2 851
2 1897
2 2022
2 291
2 1849
2 17
2 581
2 291
2 2003
2 1599
2 862
2 291
2 353
2 581
2 7
2 291
2 326
2 564
2 1722
2 291
2 882
2 757
2 516
2 1763
2 935
2 1065
2 1183
2 1763
2 1034
2 1139
2 567
2 1763
2 988
2 542
2 1706
2 1763
2 559
2 240
2 1204
2 1763
2 1839
2 18
2 1031
2 514
2 599
2 1039
2 717
2 514
2 1603
2 391
2 641
2 514
2 1148
2 1157
2 184
2 514
2 174
2 1368
2 311
2 514
2 459
2 879
2 1045
2 1208
2 1421
2 703
2 190
2 1208
2 943
2 1394
2 446
2 1208
2 1412
2 1477
2 880
2 1208
2 468
2 1597
2 888
2 1208
2 1989
2 1529
2 461
2 24
2 638
2 646
2 1125
2 24
2 2014
2 1436
2 2020
2 24
2 267
2 1017
2 1873
2 24
2 1721
2 15
2 1620
2 24
2 1409
2 18
2 1351
2 616
2 1496
2 183
2 736
2 616
2 1781
2 1625
2 1988
2 616
2 1106
2 402
2 763
2 616
2 1048
2 1888
2 509
2 616
2 1277
2 482
2 1439
2 1014
2 1499
2 1265
2 1185
2 1014
2 1280
2 757
2 1789
2 1014
2 776
2 1092
2 1415
2 1014
2 1276
2 104
2 140
2 1014
2 1729
2 81
2 683
2 1009
2 483
2 1446
2 484
2 1009
2 1287
2 994
2 497
2 1009
2 1476
2 1936
2 12
2 1009
2 1153
2 1197
2 52
2 1009
2 1955
2 1841
2 1028
2 386
2 885
2 395
2 907
2 386
2 499
2 1047
2 1122
2 386
2 1128
2 1805
2 968
2 386
2 1204
2 1452
2 1094
2 386
2 398
2 1591
2 959
2 443
2 1480
2 971
2 754
2 443
2 121
2 806
2 971
2 443
2 599
2 1999
2 711
2 443
2 347
2 1618
2 1598
2 443
2 617
2 672
2 1027
2 846
2 430
2 1995
2 1309
2 846
2 1399
2 356
2 29
2 846
2 1947
2 988
2 1624
2 846
2 1959
2 330
2 1965
2 846
2 1136
2 888
2 60
2 32
2 840
2 771
2 1172
2 32
2 341
2 722
2 2033
2 32
2 1394
2 1012
2 657
2 32
2 959
2 1966
2 1410
2 32
2 274
2 1439
2 61
2 311
2 379
2 1685
2 1553
2 311
2 2016
2 1470
2 323
2 311
2 311
2 384
2 792
2 311
2 1155
2 1964
2 290
2 311
2 638
2 275
2 408
2 1497
2 1288
2 1065
2 1809
2 1497
2 983
2 1171
2 510
2 1497
2 563
2 571
2 1432
2 1497
2 209
2 937
2 1233
2 1497
2 360
2 1557
2 1281
2 177
2 1941
2 25
2 1822
2 177
2 1989
2 64
2 497
2 177
2 339
2 905
2 564
2 177
2 1970
2 325
2 1827
2 177
2 1496
2 289
2 116
2 906
2 861
2 1548
2 954
2 906
2 437
2 139
2 1247
2 906
2 1696
2 480
2 1468
2 906
2 506
2 1242
2 590
2 906
2 1306
2 1087
2 1027
2 447
2 1993
2 1591
2 1225
2 447
2 1916
2 1004
2 773
2 447
2 1294
2 889
2 1376
2 447
2 389
2 282
2 1177
2 447
2 421
2 376
2 1624
2 827
2 856
2 1045
2 1659
2 827
2 239
2 201
2 1810
2 827
2 1289
2 789
2 1144
2 827
2 332
2 321
2 1101
2 827
2 1326
2 1875
2 1564
2 200
2 716
2 892
2 679
2 200
2 1174
2 1856
2 1933
2 200
2 184
2 1509
2 1666
2 200
2 506
2 1277
2 355
2 200
2 1479
2 117
2 244
2 746
2 906
2 1388
2 1954
2 746
2 1709
2 1007
2 1438
2 746
2 834
2 954
2 1559
2 746
2 1847
2 190
2 609
2 746
2 2046
2 494
2 521
2 973
2 2003
2 139
2 1223
2 973
2 1417
2 1578
2 1208
2 973
2 1695
2 1452
2 1568
2 973
2 792
2 1474
2 1791
2 973
2 433
2 1181
2 1441
2 453
2 87
2 952
2 771
2 453
2 1143
2 1380
2 860
2 453
2 1874
2 1381
2 1324
2 453
2 1521
2 499
2 243
2 453
2 29
2 1451
2 1738
2 890
2 855
2 1258
2 229
2 890
2 684
2 2020
2 53
2 890
2 1153
2 1494
2 337
2 890
2 398
2 1108
2 1127
2 890
2 440
2 1987
2 635
2 1541
2 1320
2 1959
2 48
2 1541
2 410
2 291
2 1683
2 1541
2 1743
2 1373
2 115
2 1541
2 583
2 344
2 150
2 1541
2 316
2 203
2 337
2 1267
2 1697
2 674
2 661
2 1267
2 1783
2 1788
2 1589
2 1267
2 1727
2 176
2 442
2 1267
2 87
2 490
2 1793
2 1267
2 781
2 1429
2 936
2 497
2 754
2 1051
2 1027
2 497
2 1395
2 1177
2 557
2 497
2 1380
2 894
2 1132
2 497
2 1569
2 1793
2 1076
2 497
2 1534
2 617
2 1479
2 1304
2 793
2 1921
2 165
2 1304
2 363
2 1959
2 1377
2 1304
2 1340
2 265
2 1621
2 1304
2 1316
2 600
2 1384
2 1304
2 1777
2 1942
2 326
2 663
2 788
2 1458
2 90
2 663
2 1204
2 1167
2 1613
2 663
2 1784
2 1045
2 1903
2 663
2 918
2 21
2 1410
2 663
2 1980
2 740
2 379
2 1282
2 1005
2 2000
2 1318
2 1282
2 553
2 655
2 937
2 1282
2 549
2 1264
2 1392
2 1282
2 674
2 1482
2 1647
2 1282
2 601
2 1212
2 520
2 1878
2 209
2 376
2 868
2 1878
2 397
2 230
2 362
2 1878
2 970
2 741
2 1601
2 1878
2 693
2 871
2 202
2 1878
2 1526
2 1139
2 1529
2 1246
2 355
2 873
2 1365
2 1246
2 307
2 964
2 860
2 1246
2 128
2 1381
2 1247
2 1246
2 1757
2 67
2 1466
2 1246
2 297
2 1828
2 435
2 106
2 521
2 2036
2 1196
2 106
2 859
2 1398
2 413
2 106
2 489
2 1942
2 365
2 106
2 767
2 1730
2 1875
2 106
2 646
2 687
2 1983
2 1074
2 20
2 1182
2 1113
2 1074
2 1249
2 531
2 1883
2 1074
2 311
2 270
2 767
2 1074
2 258
2 1963
2 2046
2 1074
2 1313
2 411
2 1456
2 1118
2 305
2 1821
2 599
2 1118
2 1504
2 426
2 99
2 1118
2 1114
2 34
2 877
2 1118
2 1217
2 1990
2 864
2 1118
2 473
2 699
2 1965
2 418
2 970
2 684
2 1616
2 418
2 599
2 1615
2 298
2 418
2 2026
2 1754
2 1667
2 418
2 1528
2 218
2 1356
2 418
2 645
2 1455
2 1086
2 984
2 1490
2 1964
2 845
2 984
2 1906
2 1709
2 1077
2 984
2 361
2 995
2 1116
2 984
2 1679
2 685
2 511
2 984
2 252
2 810
2 95
2 231
2 516
2 1762
2 514
2 231
2 1981
2 1871
2 980
2 231
2 1278
2 19
2 289
2 231
2 1983
2 1134
2 1379
2 231
2 796
2 409
2 125
2 1841
2 1404
2 1242
2 440
2 1841
2 1927
2 951
2 1266
2 1841
2 1761
2 1362
2 361
2 1841
2 1076
2 876
2 226
2 1841
2 699
2 1207
2 1587
2 1009
2 1226
2 1876
2 650
2 1009
2 963
2 2029
2 954
2 1009
2 390
2 1080
2 868
2 1009
2 274
2 1308
2 782
2 1009
2 211
2 0
2 284
2 153
2 1362
2 645
2 155
2 153
2 1521
2 381
2 1400
2 153
2 1588
2 940
2 102
2 153
2 768
2 752
2 1927
2 153
2 733
2 834
2 1442
2 1731
2 1914
2 262
2 870
2 1731
2 1570
2 1652
2 293
2 1731
2 1653
2 577
2 1707
2 1731
2 1222
2 1862
2 1358
2 1731
2 195
2 711
2 868
2 696
2 1651
2 970
2 502
2 696
2 1722
2 382
2 55
2 696
2 1216
2 1497
2 1532
2 696
2 1760
2 354
2 1222
2 696
2 2007
2 1515
2 1016
2 1282
2 44
2 675
2 531
2 1282
2 489
2 1890
2 1962
2 1282
2 553
2 783
2 421
2 1282
2 1753
2 923
2 527
2 1282
2 1305
2 582
2 1836
2 1428
2 32
2 1320
2 1555
2 1428
2 1674
2 729
2 1026
2 1428
2 196
2 2043
2 1197
2 1428
2 670
2 1729
2 1507
2 1428
2 1571
2 1421
2 1845
2 1160
2 156
2 218
2 232
2 1160
2 1141
2 759
2 1290
2 1160
2 1342
2 1078
2 872
2 1160
2 350
2 380
2 1118
2 1160
2 1109
2 96
2 1610
2 2024
2 91
2 759
2 1546
2 2024
2 440
2 1005
2 1922
2 2024
2 379
2 1719
2 39
2 2024
2 1937
2 271
2 397
2 2024
2 1031
2 1687
2 1429
2 1030
2 717
2 254
2 1699
2 1030
2 634
2 769
2 1044
2 1030
2 865
2 606
2 1001
2 1030
2 1365
2 500
2 1719
2 1030
2 1505
2 1593
2 1769
2 1806
2 1264
2 1809
2 372
2 1806
2 32
2 769
2 135
2 1806
2 409
2 1565
2 1388
2 1806
2 1819
2 1039
2 146
2 1806
2 1808
2 1190
2 100
2 405
2 1796
2 1102
2 1583
2 405
2 1602
2 1254
2 871
2 405
2 799
2 593
2 896
2 405
2 354
2 1268
2 1168
2 405
2 2037
2 1303
2 1450
2 386
2 820
2 790
2 1525
2 386
2 1830
2 1671
2 996
2 386
2 813
2 1097
2 168
2 386
2 151
2 1751
2 1674
2 386
2 957
2 498
2 764
2 1753
2 1091
2 1660
2 1771
2 1753
2 880
2 891
2 1831
2 1753
2 147
2 1233
2 1268
2 1753
2 2024
2 745
2 1559
2 1753
2 368
2 507
2 1348
2 1806
2 1604
2 1517
2 1742
2 1806
2 1220
2 1369
2 1460
2 1806
2 1867
2 177
2 1886
2 1806
2 1837
2 1610
2 307
2 1806
2 453
2 90
2 1540
2 670
2 1324
2 760
2 1568
2 670
2 1506
2 1079
2 1058
2 670
2 1586
2 358
2 1008
2 670
2 1875
2 702
2 850
2 670
2 23
2 263
2 1178
2 1048
2 440
2 1016
2 752
2 1048
2 578
2 1059
2 899
2 1048
2 1150
2 391
2 1632
2 1048
2 1152
2 1152
2 1726
2 1048
2 183
2 736
2 436
2 610
2 1094
2 1444
2 865
2 610
2 99
2 1715
2 1970
2 610
2 1978
2 1100
2 2013
2 610
2 68
2 717
2 600
2 610
2 1777
2 1499
2 1679
2 647
2 1891
2 1263
2 1305
2 647
2 368
2 983
2 1605
2 647
2 1719
2 2041
2 273
2 647
2 1438
2 1138
2 1687
2 647
2 806
2 1609
2 1659
2 1537
2 661
2 1624
2 1107
2 1537
2 294
2 1707
2 1377
2 1537
2 1158
2 1008
2 902
2 1537
2 223
2 159
2 1996
2 1537
2 1142
2 1553
2 1143
2 591
2 1547
2 1416
2 1578
2 591
2 507
2 1218
2 426
2 591
2 779
2 37
2 1
2 591
2 1662
2 1108
2 123
2 591
2 767
2 1500
2 1979
2 1956
2 460
2 833
2 879
2 1956
2 992
2 828
2 1275
2 1956
2 333
2 370
2 899
2 1956
2 1786
2 429
2 769
2 1956
2 1647
2 1195
2 1558
2 245
2 1233
2 1560
2 1820
2 245
2 620
2 1943
2 755
2 245
2 1395
2 686
2 1266
2 245
2 1519
2 97
2 490
2 245
2 925
2 1765
2 549
2 463
2 87
2 1448
2 1091
2 463
2 1877
2 1861
2 71
2 463
2 1008
2 1630
2 1856
2 463
2 1142
2 1628
2 1040
2 463
2 1523
2 1795
2 1102
2 1762
2 433
2 320
2 677
2 1762
2 418
2 1167
2 367
2 1762
2 885
2 916
2 554
2 1762
2 316
2 1646
2 798
2 1762
2 1459
2 870
2 1623
2 146
2 452
2 1431
2 613
2 146
2 1011
2 1653
2 1308
2 146
2 1401
2 363
2 1356
2 146
2 683
2 2033
2 1739
2 146
2 1152
2 58
2 397
2 1101
2 975
2 951
2 962
2 1101
2 549
2 1760
2 1437
2 1101
2 582
2 1012
2 380
2 1101
2 395
2 993
2 580
2 1101
2 598
2 1889
2 1892
2 1406
2 204
2 1200
2 1786
2 1406
2 1185
2 1477
2 1989
2 1406
2 1535
2 338
2 279
2 1406
2 1289
2 1241
2 1754
2 1406
2 954
2 1143
2 1799
2 1839
2 108
2 131
2 523
2 1839
2 1124
2 1103
2 1910
2 1839
2 944
2 1754
2 1674
2 1839
2 907
2 1412
2 2036
2 1839
2 841
2 1977
2 334
2 44
2 267
2 614
2 791
2 44
2 1855
2 497
2 1347
2 44
2 1641
2 1099
2 250
2 44
2 1230
2 773
2 204
2 44
2 1876
2 66
2 2030
2 307
2 1821
2 1656
2 1921
2 307
2 1021
2 1909
2 724
2 307
2 1838
2 1059
2 143
2 307
2 1673
2 935
2 1614
2 307
2 1432
2 913
2 194
2 1480
2 2012
2 444
2 726
2 1480
2 1217
2 931
2 1502
2 1480
2 997
2 1484
2 1818
2 1480
2 1092
2 1692
2 1450
2 1480
2 1553
2 127
2 1928
2 65
2 1186
2 23
2 1401
2 65
2 958
2 967
2 243
2 65
2 1881
2 437
2 1368
2 65
2 881
2 47
2 992
2 65
2 978
2 446
2 1096
2 50
2 1930
2 866
2 698
2 50
2 510
2 100
2 1040
2 50
2 227
2 920
2 1360
2 50
2 944
2 713
2 176
2 50
2 1681
2 420
2 197
2 1902
2 857
2 1566
2 1311
2 1902
2 1613
2 256
2 1789
2 1902
2 702
2 837
2 470
2 1902
2 1704
2 1168
2 1560
2 1902
2 1269
2 552
2 182
2 166
2 1473
2 1542
2 862
2 166
2 208
2 1038
2 223
2 166
2 1458
2 421
2 1355
2 166
2 1987
2 618
2 2007
2 166
2 874
2 1748
2 47
2 1552
2 538
2 517
2 114
2 1552
2 1686
2 1674
2 360
2 1552
2 178
2 543
2 355
2 1552
2 37
2 1217
2 2020
2 1552
2 208
2 196
2 86
2 245
2 617
2 1441
2 1934
2 245
2 12
2 1893
2 60
2 245
2 1594
2 107
2 415
2 245
2 624
2 529
2 278
2 245
2 155
2 638
2 1169
2 262
2 1181
2 1525
2 1985
2 262
2 694
2 1958
2 1464
2 262
2 106
2 1551
2 521
2 262
2 944
2 407
2 1279
2 262
2 253
2 1339
2 1843
2 956
2 1446
2 210
2 1931
2 956
2 740
2 161
2 285
2 956
2 799
2 1454
2 1229
2 956
2 931
2 1167
2 1152
2 956
2 1077
2 568
2 480
2 1626
2 71
2 1001
2 1906
2 1626
2 1409
2 1137
2 1972
2 1626
2 428
2 1767
2 1461
2 1626
2 1978
2 1344
2 1896
2 1626
2 1505
2 133
2 1565
2 670
2 1588
2 747
2 189
2 670
2 1914
2 1341
2 49
2 670
2 1910
2 530
2 78
2 670
2 1531
2 1984
2 949
2 670
2 1073
2 874
2 506
2 892
2 593
2 1967
2 1327
2 892
2 1263
2 1175
2 1193
2 892
2 1309
2 711
2 977
2 892
2 1458
2 1166
2 1320
2 892
2 460
2 1370
2 219
2 1324
2 1900
2 297
2 255
2 1324
2 233
2 1205
2 228
2 1324
2 31
2 734
2 759
2 1324
2 654
2 38
2 1148
2 1324
2 1213
2 293
2 590
2 1917
2 1004
2 1567
2 1323
2 1917
2 685
2 596
2 1738
2 1917
2 1966
2 1957
2 1467
2 1917
2 206
2 1723
2 1153
2 1917
2 880
2 1381
2 1745
2 439
2 68
2 456
2 1535
2 439
2 494
2 635
2 591
2 439
2 929
2 1181
2 134
2 439
2 700
2 1458
2 300
2 439
2 6
2 2038
2 483
2 1386
2 1948
2 1951
2 1742
2 1386
2 1626
2 847
2 546
2 1386
2 181
2 243
2 1369
2 1386
2 700
2 856
2 971
2 1386
2 1492
2 1562
2 854
2 1194
2 696
2 989
2 258
2 1194
2 399
2 558
2 734
2 1194
2 549
2 1218
2 329
2 1194
2 1121
2 23
2 555
2 1194
2 870
2 1101
2 1157
2 699
2 1345
2 478
2 1300
2 699
2 1334
2 223
2 1191
2 699
2 1786
2 2046
2 1151
2 699
2 987
2 1410
2 1830
2 699
2 1968
2 517
2 1791
2 1386
2 1735
2 72
2 918
2 1386
2 95
2 1474
2 1507
2 1386
2 527
2 616
2 2017
2 1386
2 1094
2 1269
2 1869
2 1386
2 1493
2 1013
2 1159
2 380
2 1011
2 262
2 1665
2 380
2 1672
2 1447
2 1336
2 380
2 1964
2 1079
2 14
2 380
2 1151
2 933
2 411
2 380
2 359
2 1918
2 163
2 1246
2 486
2 132
2 711
2 1246
2 1402
2 532
2 1961
2 1246
2 1545
2 1072
2 30
2 1246
2 1334
2 1695
2 458
2 1246
2 1094
2 1794
2 504
2 959
2 825
2 518
2 614
2 959
2 1451
2 1026
2 1174
2 959
2 896
2 1338
2 649
2 959
2 1470
2 1360
2 915
2 959
2 1892
2 828
2 1671
2 824
2 1900
2 1701
2 1898
2 824
2 1348
2 309
2 98
2 824
2 55
2 602
2 1406
2 824
2 1120
2 2020
2 809
2 824
2 998
2 1984
2 286
2 524
2 1274
2 935
2 1230
2 524
2 247
2 97
2 1521
2 524
2 926
2 1144
2 1482
2 524
2 798
2 1332
2 1965
2 524
2 1641
2 15
2 493
2 98
2 617
2 1899
2 530
2 98
2 1872
2 1339
2 214
2 98
2 1275
2 500
2 669
2 98
2 1436
2 1899
2 1198
2 98
2 1997
2 671
2 1775
2 1683
2 1815
2 1209
2 1653
2 1683
2 494
2 1571
2 664
2 1683
2 1586
2 1157
2 1784
2 1683
2 1009
2 266
2 1894
2 1683
2 1606
2 60
2 1655
2 833
2 560
2 277
2 1335
2 833
2 128
2 485
2 1632
2 833
2 1156
2 1359
2 952
2 833
2 521
2 558
2 1489
2 833
2 81
2 105
2 1102
2 1015
2 1262
2 839
2 1823
2 1015
2 1105
2 1669
2 1056
2 1015
2 1729
2 664
2 1497
2 1015
2 941
2 784
2 190
2 1015
2 1269
2 1822
2 1147
2 1069
2 1134
2 51
2 1300
2 1069
2 609
2 741
2 622
2 1069
2 846
2 1724
2 310
2 1069
2 515
2 85
2 284
2 1069
2 1755
2 1341
2 236
2 1621
2 2005
2 1733
2 1678
2 1621
2 469
2 1869
2 1967
2 1621
2 1643
2 1066
2 67
2 1621
2 1118
2 1368
2 336
2 1621
2 61
2 958
2 370
2 1727
2 635
2 680
2 969
2 1727
2 765
2 1253
2 723
2 1727
2 546
2 960
2 1909
2 1727
2 645
2 1539
2 1401
2 1727
2 1360
2 1321
2 805
2 1115
2 339
2 873
2 1685
2 1115
2 193
2 2022
2 1137
2 1115
2 932
2 1507
2 1162
2 1115
2 139
2 83
2 670
2 1115
2 1337
2 1393
2 1377
2 904
2 305
2 1238
2 339
2 904
2 729
2 1740
2 18
2 904
2 1013
2 823
2 998
2 904
2 1696
2 635
2 762
2 904
2 609
2 1899
2 96
2 1889
2 1358
2 1258
2 1061
2 1889
2 1342
2 1731
2 354
2 1889
2 1077
2 1731
2 466
2 1889
2 921
2 805
2 285
2 1889
2 498
2 303
2 1692
2 1650
2 1127
2 642
2 816
2 1650
2 1278
2 1579
2 617
2 1650
2 1430
2 713
2 1381
2 1650
2 1971
2 395
2 190
2 1650
2 78
2 544
2 1896
2 1265
2 227
2 315
2 490
2 1265
2 1120
2 775
2 751
2 1265
2 1079
2 395
2 1082
2 1265
2 1038
2 1898
2 933
2 1265
2 1429
2 1550
2 107
2 268
2 215
2 1489
2 1553
2 268
2 1884
2 1743
2 1404
2 268
2 240
2 1253
2 1070
2 268
2 1568
2 1560
2 1616
2 268
2 287
2 319
2 211
2 640
2 714
2 1293
2 1524
2 640
2 1143
2 410
2 2020
2 640
2 1960
2 80
2 1337
2 640
2 1569
2 842
2 267
2 640
2 537
2 1671
2 1319
2 1405
2 876
2 341
2 1245
2 1405
2 1901
2 813
2 1037
2 1405
2 1132
2 1248
2 1507
2 1405
2 493
2 984
2 1551
2 1405
2 1394
2 1523
2 113
2 1636
2 1603
2 1450
2 1434
2 1636
2 244
2 1701
2 481
2 1636
2 1325
2 1801
2 1559
2 1636
2 94
2 756
2 550
2 1636
2 1569
2 1587
2 89
2 1996
2 787
2 1596
2 452
2 1996
2 532
2 2003
2 868
2 1996
2 1478
2 982
2 1185
2 1996
2 384
2 571
2 110
2 1996
2 225
2 592
2 1411
2 629
2 345
2 922
2 1703
2 629
2 1679
2 205
2 387
2 629
2 1792
2 476
2 1854
2 629
2 25
2 258
2 1811
2 629
2 213
2 632
2 436
2 557
2 1614
2 1621
2 677
2 557
2 144
2 788
2 579
2 557
2 1380
2 1990
2 1919
2 557
2 865
2 1575
2 116
2 557
2 1780
2 504
2 1696
2 496
2 980
2 1502
2 8
2 496
2 1760
2 1820
2 1563
2 496
2 404
2 1999
2 1617
2 496
2 1572
2 246
2 1968
2 496
2 1034
2 500
2 38
2 1716
2 442
2 1957
2 43
2 1716
2 1484
2 160
2 1803
2 1716
2 664
2 1452
2 694
2 1716
2 906
2 702
2 602
2 1716
2 474
2 117
2 544
2 619
2 68
2 113
2 848
2 619
2 360
2 769
2 1308
2 619
2 1269
2 1346
2 1761
2 619
2 1256
2 1804
2 971
2 619
2 1964
2 726
2 1909
2 692
2 130
2 555
2 177
2 692
2 1258
2 779
2 1656
2 692
2 896
2 152
2 563
2 692
2 266
2 1411
2 556
2 692
2 132
2 1864
2 2020
2 626
2 1163
2 1733
2 1065
2 626
2 1490
2 2036
2 1063
2 626
2 714
2 925
2 1987
2 626
2 1480
2 116
2 1882
2 626
2 895
2 1490
2 375
2 690
2 1642
2 938
2 707
2 690
2 301
2 1263
2 486
2 690
2 1079
2 459
2 1835
2 690
2 144
2 852
2 565
2 690
2 840
2 1629
2 993
2 1634
2 506
2 932
2 352
2 1634
2 1048
2 186
2 629
2 1634
2 1676
2 1004
2 1686
2 1634
2 1942
2 345
2 1131
2 1634
2 1608
2 1617
2 629
2 195
2 28
2 417
2 834
2 195
2 1269
2 1399
2 1807
2 195
2 980
2 752
2 1617
2 195
2 1684
2 1969
2 1425
2 195
2 107
2 6
2 579
2 684
2 1010
2 217
2 1005
2 684
2 562
2 88
2 1099
2 684
2 1706
2 1729
2 762
2 684
2 98
2 1596
2 1907
2 684
2 947
2 1667
2 1429
2 1367
