2 0
2 1
2 2
2 3
2 4
2 5
2 6
2 7
2 8
2 9
2 a
2 b
2 c
2 d
2 e
2 f
2 10
2 11
2 12
2 13
2 14
2 15
2 16
2 17
2 18
2 19
2 1a
2 1b
2 1c
2 1d
2 1e
2 1f
2 20
2 21
2 22
2 23
2 24
2 25
2 26
2 27
2 28
2 29
2 2a
2 2b
2 2c
2 2d
2 2e
2 2f
2 30
2 31
2 32
2 33
2 34
2 35
2 36
2 37
2 38
2 39
2 3a
2 3b
2 3c
2 3d
2 3e
2 3f
2 40
2 41
2 42
2 43
2 44
2 45
2 46
2 47
2 48
2 49
2 4a
2 4b
2 4c
2 4d
2 4e
2 4f
2 50
2 51
2 52
2 53
2 54
2 55
2 56
2 57
2 58
2 59
2 5a
2 5b
2 5c
2 5d
2 5e
2 5f
2 60
2 61
2 62
2 63
2 64
2 65
2 66
2 67
2 68
2 69
2 6a
2 6b
2 6c
2 6d
2 6e
2 6f
2 70
2 71
2 72
2 73
2 74
2 75
2 76
2 77
2 78
2 79
2 7a
2 7b
2 7c
2 7d
2 7e
2 7f
2 80
2 81
2 82
2 83
2 84
2 85
2 86
2 87
2 88
2 89
2 8a
2 8b
2 8c
2 8d
2 8e
2 8f
2 90
2 91
2 92
2 93
2 94
2 95
2 96
2 97
2 98
2 99
2 9a
2 9b
2 9c
2 9d
2 9e
2 9f
2 a0
2 a1
2 a2
2 a3
2 a4
2 a5
2 a6
2 a7
2 a8
2 a9
2 aa
2 ab
2 ac
2 ad
2 ae
2 af
2 b0
2 b1
2 b2
2 b3
2 b4
2 b5
2 b6
2 b7
2 b8
2 b9
2 ba
2 bb
2 bc
2 bd
2 be
2 bf
2 c0
2 c1
2 c2
2 c3
2 c4
2 c5
2 c6
2 c7
2 c8
2 c9
2 ca
2 cb
2 cc
2 cd
2 ce
2 cf
2 d0
2 d1
2 d2
2 d3
2 d4
2 d5
2 d6
2 d7
2 d8
2 d9
2 da
2 db
2 dc
2 dd
2 de
2 df
2 e0
2 e1
2 e2
2 e3
2 e4
2 e5
2 e6
2 e7
2 e8
2 e9
2 ea
2 eb
2 ec
2 ed
2 ee
2 ef
2 f0
2 f1
2 f2
2 f3
2 f4
2 f5
2 f6
2 f7
2 f8
2 f9
2 fa
2 fb
2 fc
2 fd
2 fe
2 ff
2 100
2 101
2 102
2 103
2 104
2 105
2 106
2 107
2 108
2 109
2 10a
2 10b
2 10c
2 10d
2 10e
2 10f
2 110
2 111
2 112
2 113
2 114
2 115
2 116
2 117
2 118
2 119
2 11a
2 11b
2 11c
2 11d
2 11e
2 11f
2 120
2 121
2 122
2 123
2 124
2 125
2 126
2 127
2 128
2 129
2 12a
2 12b
2 12c
2 12d
2 12e
2 12f
2 130
2 131
2 132
2 133
2 134
2 135
2 136
2 137
2 138
2 139
2 13a
2 13b
2 13c
2 13d
2 13e
2 13f
2 140
2 141
2 142
2 143
2 144
2 145
2 146
2 147
2 148
2 149
2 14a
2 14b
2 14c
2 14d
2 14e
2 14f
2 150
2 151
2 152
2 153
2 154
2 155
2 156
2 157
2 158
2 159
2 15a
2 15b
2 15c
2 15d
2 15e
2 15f
2 160
2 161
2 162
2 163
2 164
2 165
2 166
2 167
2 168
2 169
2 16a
2 16b
2 16c
2 16d
2 16e
2 16f
2 170
2 171
2 172
2 173
2 174
2 175
2 176
2 177
2 178
2 179
2 17a
2 17b
2 17c
2 17d
2 17e
2 17f
2 180
2 181
2 182
2 183
2 184
2 185
2 186
2 187
2 188
2 189
2 18a
2 18b
2 18c
2 18d
2 18e
2 18f
2 190
2 191
2 192
2 193
2 194
2 195
2 196
2 197
2 198
2 199
2 19a
2 19b
2 19c
2 19d
2 19e
2 19f
2 1a0
2 1a1
2 1a2
2 1a3
2 1a4
2 1a5
2 1a6
2 1a7
2 1a8
2 1a9
2 1aa
2 1ab
2 1ac
2 1ad
2 1ae
2 1af
2 1b0
2 1b1
2 1b2
2 1b3
2 1b4
2 1b5
2 1b6
2 1b7
2 1b8
2 1b9
2 1ba
2 1bb
2 1bc
2 1bd
2 1be
2 1bf
2 1c0
2 1c1
2 1c2
2 1c3
2 1c4
2 1c5
2 1c6
2 1c7
2 1c8
2 1c9
2 1ca
2 1cb
2 1cc
2 1cd
2 1ce
2 1cf
2 1d0
2 1d1
2 1d2
2 1d3
2 1d4
2 1d5
2 1d6
2 1d7
2 1d8
2 1d9
2 1da
2 1db
2 1dc
2 1dd
2 1de
2 1df
2 1e0
2 1e1
2 1e2
2 1e3
2 1e4
2 1e5
2 1e6
2 1e7
2 1e8
2 1e9
2 1ea
2 1eb
2 1ec
2 1ed
2 1ee
2 1ef
2 1f0
2 1f1
2 1f2
2 1f3
2 1f4
2 1f5
2 1f6
2 1f7
2 1f8
2 1f9
2 1fa
2 1fb
2 1fc
2 1fd
2 1fe
2 1ff
2 200
2 201
2 202
2 203
2 204
2 205
2 206
2 207
2 208
2 209
2 20a
2 20b
2 20c
2 20d
2 20e
2 20f
2 210
2 211
2 212
2 213
2 214
2 215
2 216
2 217
2 218
2 219
2 21a
2 21b
2 21c
2 21d
2 21e
2 21f
2 220
2 221
2 222
2 223
2 224
2 225
2 226
2 227
2 228
2 229
2 22a
2 22b
2 22c
2 22d
2 22e
2 22f
2 230
2 231
2 232
2 233
2 234
2 235
2 236
2 237
2 238
2 239
2 23a
2 23b
2 23c
2 23d
2 23e
2 23f
2 240
2 241
2 242
2 243
2 244
2 245
2 246
2 247
2 248
2 249
2 24a
2 24b
2 24c
2 24d
2 24e
2 24f
2 250
2 251
2 252
2 253
2 254
2 255
2 256
2 257
2 258
2 259
2 25a
2 25b
2 25c
2 25d
2 25e
2 25f
2 260
2 261
2 262
2 263
2 264
2 265
2 266
2 267
2 268
2 269
2 26a
2 26b
2 26c
2 26d
2 26e
2 26f
2 270
2 271
2 272
2 273
2 274
2 275
2 276
2 277
2 278
2 279
2 27a
2 27b
2 27c
2 27d
2 27e
2 27f
2 280
2 281
2 282
2 283
2 284
2 285
2 286
2 287
2 288
2 289
2 28a
2 28b
2 28c
2 28d
2 28e
2 28f
2 290
2 291
2 292
2 293
2 294
2 295
2 296
2 297
2 298
2 299
2 29a
2 29b
2 29c
2 29d
2 29e
2 29f
2 2a0
2 2a1
2 2a2
2 2a3
2 2a4
2 2a5
2 2a6
2 2a7
2 2a8
2 2a9
2 2aa
2 2ab
2 2ac
2 2ad
2 2ae
2 2af
2 2b0
2 2b1
2 2b2
2 2b3
2 2b4
2 2b5
2 2b6
2 2b7
2 2b8
2 2b9
2 2ba
2 2bb
2 2bc
2 2bd
2 2be
2 2bf
2 2c0
2 2c1
2 2c2
2 2c3
2 2c4
2 2c5
2 2c6
2 2c7
2 2c8
2 2c9
2 2ca
2 2cb
2 2cc
2 2cd
2 2ce
2 2cf
2 2d0
2 2d1
2 2d2
2 2d3
2 2d4
2 2d5
2 2d6
2 2d7
2 2d8
2 2d9
2 2da
2 2db
2 2dc
2 2dd
2 2de
2 2df
2 2e0
2 2e1
2 2e2
2 2e3
2 2e4
2 2e5
2 2e6
2 2e7
2 2e8
2 2e9
2 2ea
2 2eb
2 2ec
2 2ed
2 2ee
2 2ef
2 2f0
2 2f1
2 2f2
2 2f3
2 2f4
2 2f5
2 2f6
2 2f7
2 2f8
2 2f9
2 2fa
2 2fb
2 2fc
2 2fd
2 2fe
2 2ff
2 300
2 301
2 302
2 303
2 304
2 305
2 306
2 307
2 308
2 309
2 30a
2 30b
2 30c
2 30d
2 30e
2 30f
2 310
2 311
2 312
2 313
2 314
2 315
2 316
2 317
2 318
2 319
2 31a
2 31b
2 31c
2 31d
2 31e
2 31f
2 320
2 321
2 322
2 323
2 324
2 325
2 326
2 327
2 328
2 329
2 32a
2 32b
2 32c
2 32d
2 32e
2 32f
2 330
2 331
2 332
2 333
2 334
2 335
2 336
2 337
2 338
2 339
2 33a
2 33b
2 33c
2 33d
2 33e
2 33f
2 340
2 341
2 342
2 343
2 344
2 345
2 346
2 347
2 348
2 349
2 34a
2 34b
2 34c
2 34d
2 34e
2 34f
2 350
2 351
2 352
2 353
2 354
2 355
2 356
2 357
2 358
2 359
2 35a
2 35b
2 35c
2 35d
2 35e
2 35f
2 360
2 361
2 362
2 363
2 364
2 365
2 366
2 367
2 368
2 369
2 36a
2 36b
2 36c
2 36d
2 36e
2 36f
2 370
2 371
2 372
2 373
2 374
2 375
2 376
2 377
2 378
2 379
2 37a
2 37b
2 37c
2 37d
2 37e
2 37f
2 380
2 381
2 382
2 383
2 384
2 385
2 386
2 387
2 388
2 389
2 38a
2 38b
2 38c
2 38d
2 38e
2 38f
2 390
2 391
2 392
2 393
2 394
2 395
2 396
2 397
2 398
2 399
2 39a
2 39b
2 39c
2 39d
2 39e
2 39f
2 3a0
2 3a1
2 3a2
2 3a3
2 3a4
2 3a5
2 3a6
2 3a7
2 3a8
2 3a9
2 3aa
2 3ab
2 3ac
2 3ad
2 3ae
2 3af
2 3b0
2 3b1
2 3b2
2 3b3
2 3b4
2 3b5
2 3b6
2 3b7
2 3b8
2 3b9
2 3ba
2 3bb
2 3bc
2 3bd
2 3be
2 3bf
2 3c0
2 3c1
2 3c2
2 3c3
2 3c4
2 3c5
2 3c6
2 3c7
2 3c8
2 3c9
2 3ca
2 3cb
2 3cc
2 3cd
2 3ce
2 3cf
2 3d0
2 3d1
2 3d2
2 3d3
2 3d4
2 3d5
2 3d6
2 3d7
2 3d8
2 3d9
2 3da
2 3db
2 3dc
2 3dd
2 3de
2 3df
2 3e0
2 3e1
2 3e2
2 3e3
2 3e4
2 3e5
2 3e6
2 3e7
2 3e8
2 3e9
2 3ea
2 3eb
2 3ec
2 3ed
2 3ee
2 3ef
2 3f0
2 3f1
2 3f2
2 3f3
2 3f4
2 3f5
2 3f6
2 3f7
2 3f8
2 3f9
2 3fa
2 3fb
2 3fc
2 3fd
2 3fe
2 3ff
2 400
2 401
2 402
2 403
2 404
2 405
2 406
2 407
2 408
2 409
2 40a
2 40b
2 40c
2 40d
2 40e
2 40f
2 410
2 411
2 412
2 413
2 414
2 415
2 416
2 417
2 418
2 419
2 41a
2 41b
2 41c
2 41d
2 41e
2 41f
2 420
2 421
2 422
2 423
2 424
2 425
2 426
2 427
2 428
2 429
2 42a
2 42b
2 42c
2 42d
2 42e
2 42f
2 430
2 431
2 432
2 433
2 434
2 435
2 436
2 437
2 438
2 439
2 43a
2 43b
2 43c
2 43d
2 43e
2 43f
2 440
2 441
2 442
2 443
2 444
2 445
2 446
2 447
2 448
2 449
2 44a
2 44b
2 44c
2 44d
2 44e
2 44f
2 450
2 451
2 452
2 453
2 454
2 455
2 456
2 457
2 458
2 459
2 45a
2 45b
2 45c
2 45d
2 45e
2 45f
2 460
2 461
2 462
2 463
2 464
2 465
2 466
2 467
2 468
2 469
2 46a
2 46b
2 46c
2 46d
2 46e
2 46f
2 470
2 471
2 472
2 473
2 474
2 475
2 476
2 477
2 478
2 479
2 47a
2 47b
2 47c
2 47d
2 47e
2 47f
2 480
2 481
2 482
2 483
2 484
2 485
2 486
2 487
2 488
2 489
2 48a
2 48b
2 48c
2 48d
2 48e
2 48f
2 490
2 491
2 492
2 493
2 494
2 495
2 496
2 497
2 498
2 499
2 49a
2 49b
2 49c
2 49d
2 49e
2 49f
2 4a0
2 4a1
2 4a2
2 4a3
2 4a4
2 4a5
2 4a6
2 4a7
2 4a8
2 4a9
2 4aa
2 4ab
2 4ac
2 4ad
2 4ae
2 4af
2 4b0
2 4b1
2 4b2
2 4b3
2 4b4
2 4b5
2 4b6
2 4b7
2 4b8
2 4b9
2 4ba
2 4bb
2 4bc
2 4bd
2 4be
2 4bf
2 4c0
2 4c1
2 4c2
2 4c3
2 4c4
2 4c5
2 4c6
2 4c7
2 4c8
2 4c9
2 4ca
2 4cb
2 4cc
2 4cd
2 4ce
2 4cf
2 4d0
2 4d1
2 4d2
2 4d3
2 4d4
2 4d5
2 4d6
2 4d7
2 4d8
2 4d9
2 4da
2 4db
2 4dc
2 4dd
2 4de
2 4df
2 4e0
2 4e1
2 4e2
2 4e3
2 4e4
2 4e5
2 4e6
2 4e7
2 4e8
2 4e9
2 4ea
2 4eb
2 4ec
2 4ed
2 4ee
2 4ef
2 4f0
2 4f1
2 4f2
2 4f3
2 4f4
2 4f5
2 4f6
2 4f7
2 4f8
2 4f9
2 4fa
2 4fb
2 4fc
2 4fd
2 4fe
2 4ff
2 500
2 501
2 502
2 503
2 504
2 505
2 506
2 507
2 508
2 509
2 50a
2 50b
2 50c
2 50d
2 50e
2 50f
2 510
2 511
2 512
2 513
2 514
2 515
2 516
2 517
2 518
2 519
2 51a
2 51b
2 51c
2 51d
2 51e
2 51f
2 520
2 521
2 522
2 523
2 524
2 525
2 526
2 527
2 528
2 529
2 52a
2 52b
2 52c
2 52d
2 52e
2 52f
2 530
2 531
2 532
2 533
2 534
2 535
2 536
2 537
2 538
2 539
2 53a
2 53b
2 53c
2 53d
2 53e
2 53f
2 540
2 541
2 542
2 543
2 544
2 545
2 546
2 547
2 548
2 549
2 54a
2 54b
2 54c
2 54d
2 54e
2 54f
2 550
2 551
2 552
2 553
2 554
2 555
2 556
2 557
2 558
2 559
2 55a
2 55b
2 55c
2 55d
2 55e
2 55f
2 560
2 561
2 562
2 563
2 564
2 565
2 566
2 567
2 568
2 569
2 56a
2 56b
2 56c
2 56d
2 56e
2 56f
2 570
2 571
2 572
2 573
2 574
2 575
2 576
2 577
2 578
2 579
2 57a
2 57b
2 57c
2 57d
2 57e
2 57f
2 580
2 581
2 582
2 583
2 584
2 585
2 586
2 587
2 588
2 589
2 58a
2 58b
2 58c
2 58d
2 58e
2 58f
2 590
2 591
2 592
2 593
2 594
2 595
2 596
2 597
2 598
2 599
2 59a
2 59b
2 59c
2 59d
2 59e
2 59f
2 5a0
2 5a1
2 5a2
2 5a3
2 5a4
2 5a5
2 5a6
2 5a7
2 5a8
2 5a9
2 5aa
2 5ab
2 5ac
2 5ad
2 5ae
2 5af
2 5b0
2 5b1
2 5b2
2 5b3
2 5b4
2 5b5
2 5b6
2 5b7
2 5b8
2 5b9
2 5ba
2 5bb
2 5bc
2 5bd
2 5be
2 5bf
2 5c0
2 5c1
2 5c2
2 5c3
2 5c4
2 5c5
2 5c6
2 5c7
2 5c8
2 5c9
2 5ca
2 5cb
2 5cc
2 5cd
2 5ce
2 5cf
2 5d0
2 5d1
2 5d2
2 5d3
2 5d4
2 5d5
2 5d6
2 5d7
2 5d8
2 5d9
2 5da
2 5db
2 5dc
2 5dd
2 5de
2 5df
2 5e0
2 5e1
2 5e2
2 5e3
2 5e4
2 5e5
2 5e6
2 5e7
2 5e8
2 5e9
2 5ea
2 5eb
2 5ec
2 5ed
2 5ee
2 5ef
2 5f0
2 5f1
2 5f2
2 5f3
2 5f4
2 5f5
2 5f6
2 5f7
2 5f8
2 5f9
2 5fa
2 5fb
2 5fc
2 5fd
2 5fe
2 5ff
2 600
2 601
2 602
2 603
2 604
2 605
2 606
2 607
2 608
2 609
2 60a
2 60b
2 60c
2 60d
2 60e
2 60f
2 610
2 611
2 612
2 613
2 614
2 615
2 616
2 617
2 618
2 619
2 61a
2 61b
2 61c
2 61d
2 61e
2 61f
2 620
2 621
2 622
2 623
2 624
2 625
2 626
2 627
2 628
2 629
2 62a
2 62b
2 62c
2 62d
2 62e
2 62f
2 630
2 631
2 632
2 633
2 634
2 635
2 636
2 637
2 638
2 639
2 63a
2 63b
2 63c
2 63d
2 63e
2 63f
2 640
2 641
2 642
2 643
2 644
2 645
2 646
2 647
2 648
2 649
2 64a
2 64b
2 64c
2 64d
2 64e
2 64f
2 650
2 651
2 652
2 653
2 654
2 655
2 656
2 657
2 658
2 659
2 65a
2 65b
2 65c
2 65d
2 65e
2 65f
2 660
2 661
2 662
2 663
2 664
2 665
2 666
2 667
2 668
2 669
2 66a
2 66b
2 66c
2 66d
2 66e
2 66f
2 670
2 671
2 672
2 673
2 674
2 675
2 676
2 677
2 678
2 679
2 67a
2 67b
2 67c
2 67d
2 67e
2 67f
2 680
2 681
2 682
2 683
2 684
2 685
2 686
2 687
2 688
2 689
2 68a
2 68b
2 68c
2 68d
2 68e
2 68f
2 690
2 691
2 692
2 693
2 694
2 695
2 696
2 697
2 698
2 699
2 69a
2 69b
2 69c
2 69d
2 69e
2 69f
2 6a0
2 6a1
2 6a2
2 6a3
2 6a4
2 6a5
2 6a6
2 6a7
2 6a8
2 6a9
2 6aa
2 6ab
2 6ac
2 6ad
2 6ae
2 6af
2 6b0
2 6b1
2 6b2
2 6b3
2 6b4
2 6b5
2 6b6
2 6b7
2 6b8
2 6b9
2 6ba
2 6bb
2 6bc
2 6bd
2 6be
2 6bf
2 6c0
2 6c1
2 6c2
2 6c3
2 6c4
2 6c5
2 6c6
2 6c7
2 6c8
2 6c9
2 6ca
2 6cb
2 6cc
2 6cd
2 6ce
2 6cf
2 6d0
2 6d1
2 6d2
2 6d3
2 6d4
2 6d5
2 6d6
2 6d7
2 6d8
2 6d9
2 6da
2 6db
2 6dc
2 6dd
2 6de
2 6df
2 6e0
2 6e1
2 6e2
2 6e3
2 6e4
2 6e5
2 6e6
2 6e7
2 6e8
2 6e9
2 6ea
2 6eb
2 6ec
2 6ed
2 6ee
2 6ef
2 6f0
2 6f1
2 6f2
2 6f3
2 6f4
2 6f5
2 6f6
2 6f7
2 6f8
2 6f9
2 6fa
2 6fb
2 6fc
2 6fd
2 6fe
2 6ff
2 700
2 701
2 702
2 703
2 704
2 705
2 706
2 707
2 708
2 709
2 70a
2 70b
2 70c
2 70d
2 70e
2 70f
2 710
2 711
2 712
2 713
2 714
2 715
2 716
2 717
2 718
2 719
2 71a
2 71b
2 71c
2 71d
2 71e
2 71f
2 720
2 721
2 722
2 723
2 724
2 725
2 726
2 727
2 728
2 729
2 72a
2 72b
2 72c
2 72d
2 72e
2 72f
2 730
2 731
2 732
2 733
2 734
2 735
2 736
2 737
2 738
2 739
2 73a
2 73b
2 73c
2 73d
2 73e
2 73f
2 740
2 741
2 742
2 743
2 744
2 745
2 746
2 747
2 748
2 749
2 74a
2 74b
2 74c
2 74d
2 74e
2 74f
2 750
2 751
2 752
2 753
2 754
2 755
2 756
2 757
2 758
2 759
2 75a
2 75b
2 75c
2 75d
2 75e
2 75f
2 760
2 761
2 762
2 763
2 764
2 765
2 766
2 767
2 768
2 769
2 76a
2 76b
2 76c
2 76d
2 76e
2 76f
2 770
2 771
2 772
2 773
2 774
2 775
2 776
2 777
2 778
2 779
2 77a
2 77b
2 77c
2 77d
2 77e
2 77f
2 780
2 781
2 782
2 783
2 784
2 785
2 786
2 787
2 788
2 789
2 78a
2 78b
2 78c
2 78d
2 78e
2 78f
2 790
2 791
2 792
2 793
2 794
2 795
2 796
2 797
2 798
2 799
2 79a
2 79b
2 79c
2 79d
2 79e
2 79f
2 7a0
2 7a1
2 7a2
2 7a3
2 7a4
2 7a5
2 7a6
2 7a7
2 7a8
2 7a9
2 7aa
2 7ab
2 7ac
2 7ad
2 7ae
2 7af
2 7b0
2 7b1
2 7b2
2 7b3
2 7b4
2 7b5
2 7b6
2 7b7
2 7b8
2 7b9
2 7ba
2 7bb
2 7bc
2 7bd
2 7be
2 7bf
2 7c0
2 7c1
2 7c2
2 7c3
2 7c4
2 7c5
2 7c6
2 7c7
2 7c8
2 7c9
2 7ca
2 7cb
2 7cc
2 7cd
2 7ce
2 7cf
2 7d0
2 7d1
2 7d2
2 7d3
2 7d4
2 7d5
2 7d6
2 7d7
2 7d8
2 7d9
2 7da
2 7db
2 7dc
2 7dd
2 7de
2 7df
2 7e0
2 7e1
2 7e2
2 7e3
2 7e4
2 7e5
2 7e6
2 7e7
2 7e8
2 7e9
2 7ea
2 7eb
2 7ec
2 7ed
2 7ee
2 7ef
2 7f0
2 7f1
2 7f2
2 7f3
2 7f4
2 7f5
2 7f6
2 7f7
2 7f8
2 7f9
2 7fa
2 7fb
2 7fc
2 7fd
2 7fe
2 7ff
2 800
2 801
2 802
2 803
2 804
2 805
2 806
2 807
2 808
2 809
2 80a
2 80b
2 80c
2 80d
2 80e
2 80f
2 810
2 811
2 812
2 813
2 814
2 815
2 816
2 817
2 818
2 819
2 81a
2 81b
2 81c
2 81d
2 81e
2 81f
2 820
2 821
2 822
2 823
2 824
2 825
2 826
2 827
2 828
2 829
2 82a
2 82b
2 82c
2 82d
2 82e
2 82f
2 830
2 831
2 832
2 833
2 834
2 835
2 836
2 837
2 838
2 839
2 83a
2 83b
2 83c
2 83d
2 83e
2 83f
2 840
2 841
2 842
2 843
2 844
2 845
2 846
2 847
2 848
2 849
2 84a
2 84b
2 84c
2 84d
2 84e
2 84f
2 850
2 851
2 852
2 853
2 854
2 855
2 856
2 857
2 858
2 859
2 85a
2 85b
2 85c
2 85d
2 85e
2 85f
2 860
2 861
2 862
2 863
2 864
2 865
2 866
2 867
2 868
2 869
2 86a
2 86b
2 86c
2 86d
2 86e
2 86f
2 870
2 871
2 872
2 873
2 874
2 875
2 876
2 877
2 878
2 879
2 87a
2 87b
2 87c
2 87d
2 87e
2 87f
2 880
2 881
2 882
2 883
2 884
2 885
2 886
2 887
2 888
2 889
2 88a
2 88b
2 88c
2 88d
2 88e
2 88f
2 890
2 891
2 892
2 893
2 894
2 895
2 896
2 897
2 898
2 899
2 89a
2 89b
2 89c
2 89d
2 89e
2 89f
2 8a0
2 8a1
2 8a2
2 8a3
2 8a4
2 8a5
2 8a6
2 8a7
2 8a8
2 8a9
2 8aa
2 8ab
2 8ac
2 8ad
2 8ae
2 8af
2 8b0
2 8b1
2 8b2
2 8b3
2 8b4
2 8b5
2 8b6
2 8b7
2 8b8
2 8b9
2 8ba
2 8bb
2 8bc
2 8bd
2 8be
2 8bf
2 8c0
2 8c1
2 8c2
2 8c3
2 8c4
2 8c5
2 8c6
2 8c7
2 8c8
2 8c9
2 8ca
2 8cb
2 8cc
2 8cd
2 8ce
2 8cf
2 8d0
2 8d1
2 8d2
2 8d3
2 8d4
2 8d5
2 8d6
2 8d7
2 8d8
2 8d9
2 8da
2 8db
2 8dc
2 8dd
2 8de
2 8df
2 8e0
2 8e1
2 8e2
2 8e3
2 8e4
2 8e5
2 8e6
2 8e7
2 8e8
2 8e9
2 8ea
2 8eb
2 8ec
2 8ed
2 8ee
2 8ef
2 8f0
2 8f1
2 8f2
2 8f3
2 8f4
2 8f5
2 8f6
2 8f7
2 8f8
2 8f9
2 8fa
2 8fb
2 8fc
2 8fd
2 8fe
2 8ff
2 900
2 901
2 902
2 903
2 904
2 905
2 906
2 907
2 908
2 909
2 90a
2 90b
2 90c
2 90d
2 90e
2 90f
2 910
2 911
2 912
2 913
2 914
2 915
2 916
2 917
2 918
2 919
2 91a
2 91b
2 91c
2 91d
2 91e
2 91f
2 920
2 921
2 922
2 923
2 924
2 925
2 926
2 927
2 928
2 929
2 92a
2 92b
2 92c
2 92d
2 92e
2 92f
2 930
2 931
2 932
2 933
2 934
2 935
2 936
2 937
2 938
2 939
2 93a
2 93b
2 93c
2 93d
2 93e
2 93f
2 940
2 941
2 942
2 943
2 944
2 945
2 946
2 947
2 948
2 949
2 94a
2 94b
2 94c
2 94d
2 94e
2 94f
2 950
2 951
2 952
2 953
2 954
2 955
2 956
2 957
2 958
2 959
2 95a
2 95b
2 95c
2 95d
2 95e
2 95f
2 960
2 961
2 962
2 963
2 964
2 965
2 966
2 967
2 968
2 969
2 96a
2 96b
2 96c
2 96d
2 96e
2 96f
2 970
2 971
2 972
2 973
2 974
2 975
2 976
2 977
2 978
2 979
2 97a
2 97b
2 97c
2 97d
2 97e
2 97f
2 980
2 981
2 982
2 983
2 984
2 985
2 986
2 987
2 988
2 989
2 98a
2 98b
2 98c
2 98d
2 98e
2 98f
2 990
2 991
2 992
2 993
2 994
2 995
2 996
2 997
2 998
2 999
2 99a
2 99b
2 99c
2 99d
2 99e
2 99f
2 9a0
2 9a1
2 9a2
2 9a3
2 9a4
2 9a5
2 9a6
2 9a7
2 9a8
2 9a9
2 9aa
2 9ab
2 9ac
2 9ad
2 9ae
2 9af
2 9b0
2 9b1
2 9b2
2 9b3
2 9b4
2 9b5
2 9b6
2 9b7
2 9b8
2 9b9
2 9ba
2 9bb
2 9bc
2 9bd
2 9be
2 9bf
2 9c0
2 9c1
2 9c2
2 9c3
2 9c4
2 9c5
2 9c6
2 9c7
2 9c8
2 9c9
2 9ca
2 9cb
2 9cc
2 9cd
2 9ce
2 9cf
2 9d0
2 9d1
2 9d2
2 9d3
2 9d4
2 9d5
2 9d6
2 9d7
2 9d8
2 9d9
2 9da
2 9db
2 9dc
2 9dd
2 9de
2 9df
2 9e0
2 9e1
2 9e2
2 9e3
2 9e4
2 9e5
2 9e6
2 9e7
2 9e8
2 9e9
2 9ea
2 9eb
2 9ec
2 9ed
2 9ee
2 9ef
2 9f0
2 9f1
2 9f2
2 9f3
2 9f4
2 9f5
2 9f6
2 9f7
2 9f8
2 9f9
2 9fa
2 9fb
2 9fc
2 9fd
2 9fe
2 9ff
2 a00
2 a01
2 a02
2 a03
2 a04
2 a05
2 a06
2 a07
2 a08
2 a09
2 a0a
2 a0b
2 a0c
2 a0d
2 a0e
2 a0f
2 a10
2 a11
2 a12
2 a13
2 a14
2 a15
2 a16
2 a17
2 a18
2 a19
2 a1a
2 a1b
2 a1c
2 a1d
2 a1e
2 a1f
2 a20
2 a21
2 a22
2 a23
2 a24
2 a25
2 a26
2 a27
2 a28
2 a29
2 a2a
2 a2b
2 a2c
2 a2d
2 a2e
2 a2f
2 a30
2 a31
2 a32
2 a33
2 a34
2 a35
2 a36
2 a37
2 a38
2 a39
2 a3a
2 a3b
2 a3c
2 a3d
2 a3e
2 a3f
2 a40
2 a41
2 a42
2 a43
2 a44
2 a45
2 a46
2 a47
2 a48
2 a49
2 a4a
2 a4b
2 a4c
2 a4d
2 a4e
2 a4f
2 a50
2 a51
2 a52
2 a53
2 a54
2 a55
2 a56
2 a57
2 a58
2 a59
2 a5a
2 a5b
2 a5c
2 a5d
2 a5e
2 a5f
2 a60
2 a61
2 a62
2 a63
2 a64
2 a65
2 a66
2 a67
2 a68
2 a69
2 a6a
2 a6b
2 a6c
2 a6d
2 a6e
2 a6f
2 a70
2 a71
2 a72
2 a73
2 a74
2 a75
2 a76
2 a77
2 a78
2 a79
2 a7a
2 a7b
2 a7c
2 a7d
2 a7e
2 a7f
2 a80
2 a81
2 a82
2 a83
2 a84
2 a85
2 a86
2 a87
2 a88
2 a89
2 a8a
2 a8b
2 a8c
2 a8d
2 a8e
2 a8f
2 a90
2 a91
2 a92
2 a93
2 a94
2 a95
2 a96
2 a97
2 a98
2 a99
2 a9a
2 a9b
2 a9c
2 a9d
2 a9e
2 a9f
2 aa0
2 aa1
2 aa2
2 aa3
2 aa4
2 aa5
2 aa6
2 aa7
2 aa8
2 aa9
2 aaa
2 aab
2 aac
2 aad
2 aae
2 aaf
2 ab0
2 ab1
2 ab2
2 ab3
2 ab4
2 ab5
2 ab6
2 ab7
2 ab8
2 ab9
2 aba
2 abb
2 abc
2 abd
2 abe
2 abf
2 ac0
2 ac1
2 ac2
2 ac3
2 ac4
2 ac5
2 ac6
2 ac7
2 ac8
2 ac9
2 aca
2 acb
2 acc
2 acd
2 ace
2 acf
2 ad0
2 ad1
2 ad2
2 ad3
2 ad4
2 ad5
2 ad6
2 ad7
2 ad8
2 ad9
2 ada
2 adb
2 adc
2 add
2 ade
2 adf
2 ae0
2 ae1
2 ae2
2 ae3
2 ae4
2 ae5
2 ae6
2 ae7
2 ae8
2 ae9
2 aea
2 aeb
2 aec
2 aed
2 aee
2 aef
2 af0
2 af1
2 af2
2 af3
2 af4
