2 1432
2 277
2 214
2 1324
2 1049
2 1938
2 1070
2 955
2 1118
2 1003
2 1217
2 1067
2 2045
2 119
2 1629
2 971
2 1025
2 1731
2 1858
2 173
2 1809
2 258
2 308
2 1403
2 1716
2 2020
2 1365
2 1532
2 287
2 66
2 115
2 1719
2 343
2 330
2 996
2 1393
2 220
2 18
2 300
2 1338
2 1022
2 1518
2 357
2 1019
2 1637
2 1986
2 1990
2 615
2 1669
2 1800
2 788
2 1430
2 10
2 1096
2 785
2 1726
2 1069
2 102
2 1211
2 1356
2 169
2 1326
2 1028
2 512
2 1656
2 2024
2 1905
2 1876
2 2042
2 158
2 1166
2 1016
2 1676
2 1523
2 2036
2 1265
2 1461
2 1978
2 1880
2 1082
2 1731
2 621
2 464
2 1741
2 1717
2 1249
2 1420
2 738
2 1352
2 583
2 47
2 1521
2 1909
2 1075
2 2033
2 1518
2 1051
2 1891
2 1346
2 1045
2 1
2 465
2 14
2 1677
2 1988
2 2
2 894
2 1402
2 1980
2 727
2 436
2 1663
2 1348
2 901
2 1357
2 1017
2 102
2 729
2 1756
2 1454
2 1312
2 1803
2 927
2 1173
2 830
2 913
2 643
2 1881
2 756
2 1990
2 878
2 757
2 407
2 892
2 386
2 347
2 894
2 1280
2 1749
2 827
2 2007
2 138
2 442
2 1307
2 1039
2 1799
2 277
2 1141
2 480
2 2033
2 548
2 1792
2 1788
2 1475
2 918
2 570
2 340
2 1561
2 403
2 1096
2 1503
2 1281
2 1853
2 1910
2 126
2 191
2 210
2 1020
2 1472
2 1959
2 1847
2 1431
2 49
2 242
2 691
2 1088
2 2041
2 968
2 182
2 474
2 953
2 730
2 218
2 693
2 157
2 1136
2 1263
2 498
2 650
2 1666
2 1594
2 105
2 899
2 1400
2 2016
2 1025
2 1591
2 178
2 2046
2 1015
2 89
2 1845
2 399
2 139
2 39
2 1090
2 1227
2 33
2 10
2 1409
2 507
2 963
2 91
2 725
2 1656
2 249
2 1862
2 871
2 747
2 464
2 489
2 293
2 569
2 1388
2 1693
2 537
2 366
2 1237
2 715
2 364
2 204
2 805
2 161
2 603
2 944
2 201
2 1693
2 123
2 234
2 1703
2 1533
2 741
2 618
2 1624
2 1466
2 226
2 1873
2 1280
2 1097
2 572
2 1744
2 1586
2 866
2 266
2 927
2 511
2 803
2 1293
2 1748
2 1519
2 1657
2 1953
2 276
2 1818
2 508
2 1220
2 2019
2 154
2 1343
2 205
2 1857
2 828
2 946
2 428
2 405
2 365
2 654
2 230
2 1645
2 1752
2 803
2 1342
2 1290
2 1669
2 1608
2 169
2 132
2 363
2 1462
2 1881
2 1882
2 1071
2 1786
2 110
2 842
2 246
2 1330
2 813
2 400
2 626
2 1019
2 210
2 1454
2 1965
2 638
2 1859
2 282
2 1292
2 42
2 1928
2 996
2 845
2 1222
2 239
2 466
2 782
2 408
2 598
2 1145
2 1871
2 431
2 980
2 894
2 169
2 1090
2 1736
2 416
2 373
2 502
2 816
2 999
2 1521
2 1026
2 405
2 1438
2 1664
2 217
2 1721
2 909
2 259
2 1601
2 1905
2 1104
2 775
2 96
2 1570
2 1557
2 505
2 120
2 654
2 328
2 552
2 1634
2 1222
2 721
2 677
2 911
2 1137
2 1050
2 1413
2 1954
2 1
2 886
2 932
2 406
2 276
2 549
2 623
2 1997
2 1458
2 882
2 1550
2 1315
2 1986
2 277
2 1412
2 1508
2 1834
2 1917
2 1629
2 441
2 197
2 133
2 27
2 1419
2 854
2 704
2 282
2 1992
2 1754
2 1695
2 1898
2 1755
2 533
2 782
2 114
2 810
2 1331
2 737
2 759
2 741
2 1620
2 262
2 9
2 1558
2 539
2 1421
2 1019
2 326
2 1290
2 600
2 767
2 1487
2 733
2 794
2 858
2 1587
2 1499
2 1141
2 1531
2 1205
2 788
2 1381
2 913
2 1322
2 116
2 1027
2 84
2 1447
2 1764
2 843
2 141
2 1336
2 1105
2 150
2 847
2 1645
2 1571
2 1866
2 1971
2 813
2 418
2 690
2 252
2 1151
2 1484
2 1110
2 690
2 935
2 203
2 174
2 93
2 992
2 1555
2 1006
2 266
2 1671
2 2033
2 350
2 1071
2 1749
2 1193
2 1212
2 1038
2 251
2 1362
2 1885
2 1896
2 885
2 1703
2 1819
2 1698
2 73
2 461
2 1950
2 1224
2 1945
2 1012
2 1914
2 833
2 1216
2 40
2 926
2 160
2 1596
2 1932
2 426
2 1219
2 1917
2 776
2 242
2 1618
2 1969
2 1454
2 608
2 172
2 768
2 445
2 20
2 1653
2 100
2 1839
2 1303
2 173
2 252
2 1205
2 1397
2 150
2 170
2 1264
2 983
2 1386
2 1304
2 1909
2 1546
2 852
2 1793
2 1972
2 24
2 1662
2 700
2 266
2 1232
2 621
2 1721
2 1841
2 794
2 441
2 238
2 814
2 47
2 339
2 606
2 1350
2 512
2 858
2 508
2 1910
2 1008
2 678
2 1126
2 1991
2 16
2 382
2 1852
2 1562
2 1235
2 1597
2 1486
2 1259
2 1211
2 138
2 1525
2 396
2 759
2 1198
2 189
2 1553
2 1640
2 427
2 320
2 1687
2 766
2 926
2 989
2 1279
2 1784
2 1497
2 1141
2 745
2 127
2 219
2 688
2 143
2 601
2 493
2 1705
2 1836
2 42
2 1143
2 1047
2 1254
2 1281
2 525
2 1650
2 2041
2 1723
2 1839
2 1546
2 1315
2 218
2 1866
2 954
2 985
2 744
2 1944
2 216
2 481
2 1393
2 1357
2 1226
2 1521
2 1576
2 1914
2 1664
2 129
2 359
2 1322
2 1966
2 402
2 417
2 965
2 1656
2 1699
2 1490
2 1258
2 1692
2 1166
2 1049
2 1190
2 433
2 1267
2 1009
2 1388
2 204
2 1753
2 1284
2 420
2 186
2 629
2 1777
2 1412
2 102
2 1305
2 1279
2 1767
2 1435
2 1638
2 1041
2 1353
2 2040
2 1458
2 270
2 1648
2 1109
2 1761
2 858
2 753
2 879
2 1907
2 1944
2 1312
2 1127
2 905
2 652
2 1331
2 610
2 1936
2 1752
2 797
2 518
2 1481
2 161
2 620
2 739
2 1440
2 339
2 126
2 1031
2 1380
2 1479
2 1023
2 791
2 1749
2 624
2 1900
2 1462
2 1482
2 606
2 293
2 1342
2 502
2 1606
2 421
2 1407
2 210
2 1752
2 2017
2 99
2 1456
2 766
2 617
2 890
2 928
2 1237
2 1629
2 320
2 1577
2 1755
2 1351
2 909
2 1186
2 327
2 1700
2 887
2 951
2 1553
2 302
2 385
2 111
2 595
2 1727
2 613
2 153
2 100
2 2020
2 364
2 1853
2 1989
2 463
2 1261
2 708
2 1080
2 103
2 1636
2 269
2 1732
2 1956
2 1846
2 1439
2 1260
2 708
2 577
2 1587
2 360
2 1465
2 490
2 1913
2 1767
2 875
2 2024
2 314
2 555
2 589
2 468
2 655
2 561
2 832
2 460
2 503
2 1295
2 1722
2 1211
2 327
2 1825
2 799
2 596
2 1510
2 707
2 395
2 901
2 1967
2 1103
2 1479
2 1506
2 1463
2 896
2 1996
2 1329
2 615
2 824
2 1305
2 929
2 1379
2 1895
2 1397
2 2034
2 408
2 181
2 447
2 911
2 1476
2 121
2 74
2 1803
2 1946
2 873
2 352
2 1408
2 1581
2 747
2 262
2 1500
2 1850
2 1741
2 959
2 1265
2 589
2 907
2 546
2 1204
2 1731
2 1852
2 85
2 1062
2 1699
2 1483
2 1049
2 59
2 1664
2 1496
2 971
2 1093
2 1617
2 1045
2 848
2 1515
2 1919
2 1200
2 876
2 1452
2 1947
2 1138
2 904
2 1749
2 831
2 1863
2 967
2 1420
2 723
2 1513
2 576
2 406
2 1317
2 661
2 1469
2 968
2 96
2 470
2 1028
2 1761
2 1966
2 1999
2 806
2 1535
2 996
2 1654
2 1002
2 867
2 807
2 1878
2 271
2 706
2 968
2 1176
2 408
2 1799
2 991
2 1375
2 1171
2 1714
2 840
2 1747
2 73
2 110
2 361
2 1542
2 1078
2 457
2 2012
2 58
2 170
2 1930
2 9
2 976
2 1417
2 1006
2 583
2 371
2 1873
2 1390
2 202
2 97
2 48
2 1170
2 1273
2 456
2 922
2 216
2 1831
2 45
2 1931
2 624
2 1793
2 2004
2 734
2 106
2 1498
2 1812
2 563
2 1462
2 1871
2 734
2 1344
2 1880
2 1710
2 713
2 838
2 245
2 1084
2 664
2 1635
2 1286
2 761
2 1684
2 409
2 2034
2 92
2 1331
2 202
2 1924
2 1376
2 85
2 500
2 1121
2 41
2 1234
2 1227
2 1539
2 998
2 1791
2 953
2 821
2 477
2 249
2 654
2 139
2 962
2 1492
2 385
2 2047
2 108
2 2020
2 1285
2 869
2 1656
2 1694
2 855
2 1749
2 977
2 1058
2 1625
2 306
2 1143
2 77
2 1427
2 1185
2 1311
2 607
2 676
2 261
2 350
2 1630
2 1083
2 827
2 1879
2 1737
2 966
2 794
2 1181
2 1351
2 793
2 1290
2 1324
2 30
2 111
2 932
2 1725
2 967
2 633
2 654
2 2025
2 210
2 960
2 1120
2 287
2 340
2 257
2 1598
2 947
2 934
2 1860
2 1297
2 516
2 895
2 76
2 347
2 584
2 1042
2 1141
2 1765
2 346
2 1934
2 1007
2 1670
2 1965
2 1119
2 554
2 1642
2 38
2 1188
2 248
2 15
2 1398
2 1209
2 1135
2 1686
2 1549
2 1393
2 1236
2 448
2 279
2 1048
2 1745
2 795
2 1943
2 1821
2 1142
2 479
2 815
2 236
2 197
2 1161
2 122
2 1204
2 783
2 39
2 275
2 1338
2 1681
2 313
2 478
2 1930
2 328
2 1876
2 1091
2 1464
2 1514
2 592
2 809
2 703
2 1040
2 1088
2 1751
2 737
2 1883
2 1647
2 510
2 977
2 78
2 1325
2 1213
2 275
2 439
2 1336
2 1480
2 1222
2 1375
2 1755
2 512
2 1009
2 21
2 990
2 891
2 349
2 819
2 1982
2 1813
2 285
2 526
2 574
2 988
2 1566
2 1662
2 692
2 255
2 1497
2 291
2 765
2 427
2 369
2 42
2 1640
2 645
2 481
2 928
2 77
2 1704
2 256
2 1832
2 168
2 1265
2 1853
2 1159
2 108
2 155
2 1978
2 42
2 1968
2 215
2 568
2 495
2 1204
2 86
2 109
2 1896
2 341
2 1607
2 139
2 1106
2 2034
2 508
2 1148
2 1626
2 1153
2 1630
2 507
2 1230
2 1286
2 763
2 1015
2 1454
2 2028
2 820
2 565
2 88
2 975
2 495
2 130
2 896
2 711
2 698
2 1391
2 1915
2 784
2 1500
2 1763
2 1125
2 1059
2 1902
2 183
2 1045
2 362
2 1331
2 624
2 1516
2 913
2 1131
2 698
2 151
2 1894
2 1713
2 1606
2 1874
2 486
2 123
2 1962
2 1461
2 619
2 44
2 309
2 1330
2 742
2 1700
2 1197
2 1526
2 1153
2 912
2 603
2 164
2 766
2 786
2 1210
2 1128
2 69
2 1834
2 596
2 983
2 917
2 1295
2 1134
2 763
2 960
2 692
2 589
2 1446
2 816
2 503
2 860
2 1435
2 547
2 1169
2 717
2 1289
2 822
2 1914
2 767
2 1975
2 778
2 1370
2 91
2 1544
2 108
2 1301
2 624
2 177
2 1087
2 1221
2 1160
2 2004
2 468
2 247
2 719
2 1428
2 939
2 1308
2 827
2 1755
2 1811
2 1687
2 1142
2 310
2 808
2 1859
2 1599
2 1630
2 1725
2 318
2 1557
2 455
2 1688
2 1649
2 1999
2 1796
2 902
2 576
2 1974
2 1990
2 1797
2 1086
2 1946
2 217
2 1333
2 618
2 1645
2 225
2 1926
2 424
2 1980
2 1690
2 63
2 1075
2 2000
2 872
2 886
2 1552
2 454
2 564
2 1870
2 2012
2 1019
2 1511
2 1613
2 971
2 1259
2 467
2 1547
2 1185
2 409
2 1296
2 224
2 308
2 1513
2 1557
2 926
2 1110
2 1782
2 804
2 1535
2 1715
2 446
2 1598
2 742
2 399
2 422
2 1628
2 1951
2 877
2 144
2 1773
2 841
2 1164
2 1236
2 406
2 87
2 448
2 873
2 1634
2 1633
2 1283
2 882
2 1857
2 1591
2 347
2 1367
2 469
2 1457
2 1101
2 1273
2 944
2 768
2 1720
2 495
2 1510
2 71
2 917
2 1091
2 2022
2 1794
2 1235
2 1747
2 587
2 351
2 936
2 993
2 438
2 1384
2 1867
2 24
2 969
2 1102
2 906
2 779
2 645
2 1253
2 98
2 1114
2 663
2 1199
2 339
2 1607
2 1968
2 11
2 54
2 1430
2 82
2 972
2 473
2 56
2 718
2 1709
2 1804
2 1306
2 12
2 692
2 251
2 451
2 28
2 70
2 475
2 997
2 1172
2 1382
2 1776
2 1817
2 587
2 1874
2 883
2 1250
2 1026
2 1223
2 810
2 946
2 1234
2 864
2 328
2 1317
2 1836
2 802
2 1373
2 507
2 463
2 1129
2 1813
2 475
2 1821
2 16
2 926
2 1849
2 87
2 1402
2 799
2 1259
2 736
2 527
2 1029
2 1323
2 354
2 1912
2 526
2 1380
2 1087
2 1336
2 278
2 274
2 152
2 606
2 1591
2 1989
2 1408
2 916
2 448
2 1871
2 2046
2 213
2 299
2 1819
2 229
2 1225
2 1621
2 316
2 579
2 372
2 1576
2 1315
2 899
2 557
2 591
2 1253
2 421
2 1117
2 585
2 1509
2 405
2 863
2 1783
2 557
2 1470
2 1326
2 498
2 830
2 194
2 946
2 654
2 192
2 1159
2 953
2 2012
2 1389
2 130
2 1585
2 1705
2 710
2 1957
2 1233
2 2025
2 808
2 1790
2 568
2 14
2 164
2 1685
2 599
2 1673
2 42
2 1463
2 1408
2 600
2 885
2 686
2 1098
2 1715
2 880
2 2045
2 321
2 1073
2 1156
2 1274
2 1037
2 497
2 1405
2 574
2 155
2 67
2 483
2 1388
2 44
2 1291
2 1131
2 613
2 1305
2 1295
2 250
2 1905
2 920
2 293
2 1320
2 280
2 893
2 157
2 966
2 1991
2 1872
2 1846
2 1988
2 146
2 871
2 1097
2 1420
2 1908
2 1594
2 777
2 434
2 1749
2 844
2 917
2 1090
2 889
2 161
2 173
2 1502
2 1466
2 1468
2 1752
2 1323
2 340
2 2045
2 595
2 620
2 890
2 752
2 1586
2 834
2 577
2 1384
2 774
2 723
2 208
2 1871
2 95
2 68
2 1418
2 873
2 503
2 1119
2 1717
2 1420
2 161
2 558
2 1581
2 334
2 12
2 1000
2 1802
2 1765
2 275
2 94
2 1762
2 871
2 714
2 605
2 1623
2 252
2 1439
2 152
2 1637
2 165
2 875
2 1845
2 2037
2 971
2 1913
2 1407
2 1844
2 368
2 478
2 1513
2 1789
2 640
2 24
2 1322
2 974
2 36
2 274
2 729
2 1801
2 550
2 823
2 1516
2 1421
2 1538
2 73
2 996
2 1790
2 1512
2 1149
2 1379
2 1677
2 2024
2 1176
2 1666
2 947
2 1042
2 1025
2 743
2 1410
2 1504
2 209
2 1151
2 96
2 233
2 426
2 1070
2 269
2 700
2 1799
2 23
2 1250
2 575
2 1539
2 623
2 65
2 1612
2 1620
2 1855
2 1076
2 721
2 1187
2 705
2 697
2 315
2 324
2 1645
2 1357
2 1349
2 340
2 720
2 805
2 549
2 1871
2 901
2 782
2 249
2 1972
2 1052
2 950
2 1723
2 1075
2 152
2 250
2 566
2 776
2 315
2 130
2 348
2 123
2 1206
2 1069
2 1310
2 1911
2 1766
2 1625
2 187
2 1363
2 935
2 1537
2 1704
2 1655
2 294
2 205
2 1478
2 1196
2 988
2 1728
2 1120
2 2040
2 630
2 795
2 1067
2 782
2 1046
2 1633
2 1558
2 1361
2 1763
2 1906
2 1484
2 921
2 927
2 746
2 784
2 646
2 324
2 972
2 2009
2 1259
2 461
2 1665
2 866
2 755
2 1871
2 296
2 1951
2 811
2 2024
2 1023
2 803
2 606
2 1819
2 1870
2 1389
2 817
2 1455
2 899
2 130
2 1170
2 758
2 1615
2 43
2 1685
2 313
2 827
2 283
2 637
2 1799
2 245
2 1896
2 212
2 1910
2 714
2 968
2 1733
2 1011
2 871
2 496
2 987
2 1895
2 1299
2 1594
2 1666
2 1121
2 935
2 435
2 528
2 1834
2 565
2 1698
2 544
2 132
2 1741
2 182
2 446
2 521
2 465
2 1083
2 272
2 710
2 932
2 485
2 573
2 1646
2 1453
2 258
2 609
2 276
2 755
2 1597
2 123
2 6
2 1143
2 1789
2 1128
2 30
2 176
2 1656
2 1864
2 742
2 1307
2 361
2 874
2 1000
2 543
2 1320
2 1521
2 1008
2 356
2 1794
2 1719
2 1288
2 231
2 244
2 886
2 1684
2 502
2 1496
2 1960
2 1257
2 1045
2 36
2 1264
2 140
2 1825
2 344
2 170
2 2002
2 2000
2 2034
2 696
2 1259
2 347
2 1570
2 212
2 890
2 843
2 1733
2 1899
2 1199
2 1479
2 1570
2 439
2 1710
2 1814
2 1325
2 1346
2 268
2 773
2 1259
2 1526
2 1818
2 1295
2 742
2 1958
2 1072
2 1086
2 80
2 1026
2 1038
2 67
2 1722
2 250
2 414
2 1245
2 462
2 1305
2 40
2 147
2 1156
2 1239
2 1627
2 678
2 1678
2 1289
2 444
2 955
2 588
2 712
2 1729
2 1847
2 190
2 1499
2 1094
2 932
2 1410
2 118
2 2018
2 1490
2 1145
2 1009
2 1557
2 819
2 1259
2 1972
2 16
2 1721
2 1229
2 56
2 1868
2 337
2 1295
2 1447
2 1015
2 925
2 689
2 1459
2 1881
2 1277
2 123
2 1562
2 1076
2 314
2 1013
2 122
2 1246
2 375
2 240
2 1217
2 1866
2 1385
2 178
2 1375
2 157
2 1437
2 1299
2 173
2 1110
2 480
2 230
2 930
2 817
2 1525
2 330
2 1832
2 403
2 1019
2 1243
2 236
2 248
2 1367
2 1798
2 1324
2 1681
2 763
2 1446
2 879
2 1139
2 1686
2 48
2 957
2 1024
2 226
2 284
2 1181
2 1663
2 1584
2 1354
2 725
2 16
2 1584
2 1656
2 834
2 1062
2 1986
2 618
2 1465
2 957
2 1862
2 1701
2 1205
2 1181
2 1451
2 481
2 814
2 166
2 1927
2 1693
2 1305
2 1565
2 1742
2 214
2 541
2 1968
2 499
2 1722
2 1584
2 35
2 1029
2 261
2 51
2 565
2 1917
2 885
2 1627
2 1855
2 1504
2 1044
2 764
2 1318
2 697
2 1969
2 451
2 100
2 402
2 1265
2 267
2 281
2 910
2 1572
2 1847
2 604
2 1787
2 340
2 525
2 238
2 15
2 61
2 273
2 1044
2 322
2 324
2 1609
2 192
2 1210
2 1189
2 2047
2 666
2 185
2 764
2 1984
2 883
2 685
2 387
2 983
2 1088
2 1652
2 1250
2 1369
2 514
2 775
2 1168
2 1119
2 514
2 1509
2 1644
2 752
2 1524
2 1705
2 1025
2 520
2 2027
2 1349
2 81
2 171
2 511
2 1270
2 171
2 1177
2 1456
2 935
2 1113
2 291
2 1620
2 1500
2 1274
2 660
2 1104
2 477
2 2030
2 1619
2 1252
2 1150
2 690
2 1766
2 611
2 286
2 470
2 87
2 1991
2 1495
2 607
2 1970
2 796
2 689
2 94
2 1308
2 1959
2 265
2 437
2 1367
2 1200
2 1551
2 1658
2 772
2 1003
2 885
2 1433
2 60
2 1362
2 1415
2 1679
2 566
2 517
2 321
2 284
2 1129
2 607
2 754
2 1216
2 550
2 201
2 1824
2 472
2 997
2 465
2 566
2 257
2 376
2 831
2 695
2 1744
2 2031
2 198
2 1354
2 756
2 1201
2 191
2 141
2 1261
2 1553
2 1556
2 892
2 71
2 25
2 1213
2 355
2 1154
2 1820
2 1109
2 323
2 322
2 1310
2 99
2 795
2 260
2 564
2 1361
2 517
2 940
2 145
2 1212
2 636
2 128
2 1410
2 1991
2 884
2 564
2 134
2 1025
2 1825
2 1688
2 533
2 670
2 1759
2 559
2 1883
2 67
2 1713
2 1656
2 1176
2 2036
2 1978
2 439
2 87
2 725
2 699
2 651
2 39
2 1216
2 1592
2 184
2 381
2 180
2 312
2 1791
2 123
2 1197
2 307
2 258
2 174
2 85
2 1946
2 708
2 755
2 1657
2 1267
2 590
2 1724
2 932
2 198
2 853
2 921
2 129
2 1292
2 1008
2 854
2 1991
2 1660
2 893
2 1159
2 1204
2 1077
2 1540
2 1384
2 1390
2 1284
2 1508
2 539
2 1591
2 1766
2 713
2 1676
2 1664
2 1421
2 383
2 1273
2 640
2 974
2 950
2 1573
2 1172
2 1803
2 446
2 1301
2 1047
2 1454
2 108
2 990
2 1066
2 1001
2 101
2 222
2 31
2 1642
2 1607
2 1421
2 878
2 1067
2 1960
2 421
2 785
2 625
2 50
2 401
2 2047
2 433
2 1674
2 639
2 1407
2 576
2 164
2 532
2 331
2 610
2 1833
2 1378
2 17
2 1941
2 320
2 1083
2 895
2 422
2 1306
2 926
2 16
2 865
2 299
2 894
2 1932
2 211
2 1315
2 669
2 836
2 1365
2 1070
2 835
2 1799
2 696
2 1475
2 1158
2 1273
2 1639
2 1690
2 1604
2 202
2 1476
2 935
2 219
2 1369
2 1255
2 1302
2 216
2 1677
2 560
2 1142
2 1693
2 1425
2 1441
2 539
2 1309
2 1652
2 1855
2 1978
2 441
2 1172
2 1000
2 1276
2 923
2 1697
2 703
2 34
2 922
2 295
2 1724
2 478
2 497
2 1152
2 1413
2 716
2 474
2 621
2 2018
2 690
2 250
2 531
2 1833
2 1944
2 1956
2 1226
2 435
2 1218
2 831
2 242
2 1148
2 1272
2 1415
2 101
2 500
2 290
2 1798
2 1204
2 324
2 672
2 1499
2 1
2 1150
2 1996
2 1153
2 516
2 664
2 1627
2 1137
2 634
2 270
2 1387
2 1165
2 55
2 1283
2 1074
2 1281
2 1719
2 244
2 64
2 1961
2 1392
2 1336
2 1328
2 1493
2 1837
2 1619
2 1243
2 993
2 1943
2 1915
2 444
2 1944
2 1018
2 392
2 1050
2 1534
2 1056
2 629
2 623
2 1690
2 899
2 2010
2 808
2 954
2 1246
2 1882
2 188
2 917
2 78
2 252
2 830
2 1470
2 1589
2 111
2 916
2 1378
2 1730
2 111
2 323
2 1625
2 2027
2 767
2 1522
2 997
2 1159
2 524
2 483
2 167
2 1153
2 1106
2 1857
2 5
2 1068
2 617
2 959
2 266
2 451
2 1147
2 1183
2 529
2 1400
2 2014
2 2000
2 941
2 77
2 868
2 271
2 1807
2 979
2 594
2 1384
2 958
2 1361
2 858
2 1955
2 472
2 1382
2 390
2 639
2 488
2 1496
2 448
2 493
2 517
2 1066
2 1452
2 783
2 1517
2 552
2 1967
2 2047
2 1952
2 1933
2 1999
2 845
2 2010
2 819
2 1116
2 1769
2 1798
2 1710
2 1105
2 709
2 1023
2 1964
2 616
2 1495
2 1298
2 1007
2 86
2 1786
2 455
2 534
2 231
2 972
2 1600
2 1684
2 1756
2 1070
2 188
2 1675
2 1069
2 92
2 1560
2 1020
2 937
2 1522
2 1839
2 5
2 1243
2 1589
2 1715
2 300
2 250
2 690
2 216
2 867
2 137
2 1515
2 1874
2 223
2 1253
2 281
2 757
2 1485
2 1254
2 310
2 1121
2 962
2 1380
2 1309
2 589
2 401
2 1401
2 101
2 1421
2 290
2 1623
2 1212
2 295
2 818
2 753
2 2010
2 1118
2 1004
2 652
2 1335
2 1871
2 789
2 802
2 1697
2 1012
2 7
2 1978
2 1769
2 1492
2 1184
2 31
2 565
2 98
2 1411
2 1874
2 687
2 1812
2 1227
2 788
2 1185
2 1517
2 363
2 349
2 1812
2 1181
2 1103
2 1774
2 252
2 59
2 378
2 1587
2 1930
2 1167
2 341
2 1579
2 131
2 348
2 1509
2 1901
2 1841
2 646
2 1932
2 358
2 744
2 1296
2 185
2 1432
2 1060
2 1412
2 172
2 198
2 882
2 536
2 547
2 646
2 1717
2 1650
2 373
2 1969
2 1709
2 751
2 1508
2 1591
2 1919
2 1849
2 1122
2 2
2 150
2 584
2 1903
2 1991
2 1230
2 1788
2 301
2 1974
2 1036
2 486
2 1358
2 48
2 1899
2 1531
2 246
2 733
2 19
2 794
2 1379
2 1736
2 396
2 1752
2 1658
2 58
2 456
2 1118
2 1649
2 327
2 920
2 724
2 329
2 1070
2 1308
2 185
2 1013
2 490
2 1973
2 1314
2 416
2 961
2 1801
2 1775
2 1009
2 1652
2 1258
2 1256
2 337
2 1277
2 2
2 1716
2 965
2 398
2 1421
2 575
2 456
2 1877
2 1694
2 58
2 156
2 566
2 782
2 485
2 1636
2 42
2 670
2 601
2 532
2 595
2 1915
2 948
2 1556
2 1668
2 675
2 518
2 1272
2 1933
2 1774
2 1609
2 1162
2 1776
2 1278
2 80
2 126
2 651
2 655
2 583
2 480
2 301
2 641
2 636
2 867
2 1423
2 1121
2 455
2 1465
2 1792
2 1056
2 1997
2 339
2 924
2 897
2 1896
2 544
2 1573
2 366
2 1817
2 1458
2 92
2 1378
2 573
2 1868
2 608
2 653
2 1994
2 1259
2 1308
2 529
2 1739
2 1610
2 1170
2 327
2 429
2 545
2 1449
2 885
2 2010
2 1193
2 1941
2 1959
2 1532
2 817
2 809
2 1380
2 1362
2 334
2 1746
2 1131
2 1792
2 1838
2 461
2 317
2 1658
2 1070
2 970
2 1605
2 281
2 231
2 86
2 2021
2 1841
2 1257
2 300
2 222
2 1802
2 1749
2 1107
2 1765
2 894
2 1001
2 1676
2 379
2 1818
2 437
2 1759
2 1132
2 771
2 1458
2 215
2 516
2 1248
2 677
2 833
2 859
2 1747
2 1804
2 416
2 2028
2 2035
2 502
2 2001
2 1828
2 1759
2 254
2 2
2 1514
2 2003
2 1110
2 1231
2 850
2 63
2 859
2 1229
2 1881
2 1297
2 940
2 966
2 20
2 350
2 1181
2 536
2 1599
2 1858
2 1370
2 410
2 1557
2 1126
2 826
2 1538
2 1113
