2 0
2 1
2 2
2 3
2 4
2 5
2 6
2 7
2 8
2 9
2 a
2 b
2 c
2 d
2 e
2 f
2 10
2 11
2 12
2 13
2 14
2 15
2 16
2 17
2 18
2 19
2 1a
2 1b
2 1c
2 1d
2 1e
2 1f
2 20
2 21
2 22
2 1b
2 14
2 15
2 16
2 17
2 18
2 19
2 1a
2 1b
2 1c
2 15
2 16
2 17
2 18
2 19
2 1a
2 1b
2 1c
2 1d
2 1e
2 1f
2 20
2 21
2 22
2 23
2 24
2 25
2 26
2 27
2 28
2 29
2 2a
2 2b
2 5
2 6
2 7
2 8
2 9
2 a
2 b
2 c
2 d
2 e
2 f
2 10
2 11
2 12
2 13
2 14
2 15
2 16
2 17
2 18
2 19
2 1a
2 1b
2 1c
2 1d
2 1e
2 1f
2 20
2 21
2 22
2 23
2 24
2 25
2 26
2 27
2 28
2 29
2 2a
2 28
2 29
2 2a
2 2b
2 2c
2 2d
2 2d
2 2e
2 2f
2 30
2 31
2 32
2 33
2 34
2 35
2 36
2 37
2 38
2 39
2 3a
2 3b
2 35
2 36
2 37
2 38
2 39
2 3a
2 3b
2 3c
2 3d
2 3e
2 3f
2 40
2 41
2 42
2 43
2 44
2 45
2 46
2 47
2 48
2 49
2 4a
2 4b
2 4c
2 4d
2 4e
2 4f
2 50
2 51
2 52
2 53
2 54
2 55
2 56
2 57
2 58
2 59
2 5a
2 5b
2 5c
2 5d
2 5e
2 5f
2 60
2 61
2 62
2 63
2 64
2 65
2 66
2 67
2 68
2 2e
2 2f
2 30
2 31
2 32
2 33
2 34
2 35
2 36
2 37
2 38
2 39
2 3a
2 3b
2 3c
2 3d
2 3e
2 3f
2 40
2 41
2 42
2 43
2 44
2 3e
2 3f
2 40
2 41
2 42
2 43
2 44
2 45
2 46
2 47
2 48
2 49
2 4a
2 4b
2 4c
2 4d
2 4e
2 4f
2 50
2 51
2 52
2 53
2 54
2 55
2 56
2 57
2 58
2 59
2 5a
2 5b
2 5c
2 5d
2 5e
2 5f
2 60
2 61
2 62
2 63
2 64
2 65
2 66
2 67
2 68
2 69
2 6a
2 6b
2 6c
2 e
2 3
2 4
2 5
2 6
2 7
2 8
2 9
2 a
2 b
2 c
2 d
2 e
2 f
2 10
2 11
2 12
2 13
2 14
2 15
2 16
2 17
2 18
2 19
2 1a
2 1b
2 1c
2 1d
2 1e
2 1f
2 20
2 21
2 22
2 23
2 e
2 f
2 10
2 11
2 12
2 13
2 14
2 15
2 16
2 17
2 18
2 19
2 1a
2 1b
2 1c
2 1d
2 1e
2 1f
2 20
2 21
2 22
2 23
2 24
2 25
2 26
2 27
2 28
2 29
2 2a
2 2b
2 2c
2 2d
2 b
2 c
2 d
2 e
2 f
2 10
2 11
2 12
2 13
2 14
2 15
2 16
2 17
2 18
2 19
2 1a
2 1b
2 1c
2 1d
2 1e
2 1f
2 20
2 21
2 22
2 23
2 24
2 25
2 26
2 27
2 28
2 29
2 2a
2 2b
2 2c
2 2d
2 2e
2 2f
2 30
2 31
2 32
2 33
2 34
2 35
2 36
2 37
2 38
2 39
2 3a
2 3b
2 3c
2 3d
2 3e
2 3f
2 40
2 41
2 42
2 43
2 44
2 45
2 2
2 3
2 4
2 5
2 6
2 7
2 8
2 9
2 a
2 b
2 c
2 d
2 e
2 3
2 4
2 5
2 6
2 7
2 8
2 9
2 a
2 b
2 c
2 d
2 e
2 f
2 10
2 11
2 12
2 13
2 14
2 15
2 16
2 17
2 13
2 14
2 15
2 16
2 17
2 18
2 19
2 1a
2 1b
2 1c
2 1d
2 1e
2 1f
2 20
2 21
2 22
2 23
2 24
2 25
2 26
2 27
2 28
2 29
2 2a
2 2b
2 2c
2 2d
2 2e
2 2f
2 21
2 22
2 23
2 24
2 25
2 26
2 27
2 28
2 29
2 2a
2 2b
2 2c
2 2d
2 2e
2 2f
2 30
2 31
2 32
2 33
2 34
2 35
2 36
2 37
2 38
2 39
2 14
2 15
2 16
2 8
2 9
2 a
2 b
2 c
2 d
2 e
2 f
2 10
2 11
2 12
2 13
2 14
2 15
2 16
2 17
2 18
2 19
2 1a
2 1b
2 1c
2 1d
2 1e
2 1f
2 20
2 21
2 22
2 23
2 24
2 25
2 26
2 27
2 28
2 29
2 2a
2 2b
2 2c
2 2d
2 2e
2 2f
2 30
2 31
2 21
2 22
2 23
2 24
2 13
2 14
2 15
2 16
2 17
2 18
2 a
2 b
2 c
2 d
2 e
2 f
2 10
2 11
2 12
2 13
2 14
2 15
2 16
2 17
2 18
2 19
2 1a
2 1b
2 1c
2 1d
2 1e
2 1f
2 20
2 21
2 22
2 23
2 24
2 25
2 26
2 27
2 28
2 17
2 18
2 19
2 13
2 14
2 15
2 16
2 17
2 18
2 19
2 1a
2 1b
2 1c
2 1d
2 1e
2 1f
2 20
2 21
2 22
2 5
2 6
2 7
2 8
2 9
2 a
2 b
2 c
2 d
2 e
2 f
2 10
2 11
2 12
2 13
2 14
2 15
2 16
2 17
2 18
2 19
2 1a
2 1b
2 1c
2 1d
2 1e
2 1f
2 20
2 21
2 22
2 23
2 24
2 25
2 26
2 27
2 28
2 29
2 2a
2 2b
2 2c
2 2d
2 2e
2 14
2 15
2 16
2 17
2 18
2 19
2 1a
2 1b
2 c
2 d
2 e
2 f
2 d
2 e
2 f
2 10
2 11
2 12
2 13
2 14
2 15
2 13
2 14
2 15
2 16
2 17
2 18
2 19
2 1a
2 1b
2 1c
2 1d
2 1e
2 1f
2 20
2 21
2 22
2 23
2 24
2 25
2 26
2 27
2 28
2 29
2 2a
2 2b
2 2c
2 2d
2 2e
2 2f
2 30
2 31
2 32
2 2f
2 30
2 31
2 32
2 33
2 34
2 35
2 36
2 37
2 38
2 39
2 3a
2 3b
2 3c
2 1a
2 1b
2 1c
2 10
2 11
2 12
2 13
2 14
2 15
2 16
2 17
2 18
2 19
2 1a
2 1b
2 1c
2 1d
2 1e
2 1f
2 20
2 21
2 22
2 23
2 24
2 25
2 26
2 27
2 28
2 29
2 2a
2 2b
2 2c
2 2d
2 2e
2 2f
2 30
2 31
2 32
2 33
2 34
2 35
2 36
2 37
2 38
2 39
2 3a
2 3b
2 3c
2 3d
2 3e
2 3f
2 40
2 41
2 42
2 43
2 44
2 45
2 46
2 47
2 48
2 49
2 4a
2 4b
2 4c
2 4d
2 4e
2 4f
2 50
2 51
2 52
2 53
2 40
2 41
2 42
2 43
2 44
2 45
2 46
2 47
2 48
2 49
2 4a
2 4b
2 1c
2 1d
2 1e
2 1f
2 20
2 21
2 22
2 23
2 24
2 25
2 26
2 27
2 28
2 29
2 2a
2 2b
2 2c
2 2d
2 2e
2 2f
2 30
2 31
2 32
2 33
2 34
2 35
2 36
2 37
2 38
2 39
2 3a
2 3b
2 3c
2 3d
2 3e
2 3f
2 40
2 41
2 42
2 43
2 44
2 45
2 46
2 47
2 48
2 49
2 4a
2 4b
2 4c
2 4d
2 4e
2 4f
2 50
2 51
2 52
2 53
2 54
2 55
2 56
2 57
2 58
2 59
2 5a
2 5b
2 5c
2 5d
2 5e
2 5f
2 60
2 61
2 62
2 63
2 64
2 65
2 66
2 4a
2 4b
2 4c
2 4d
2 4e
2 4f
2 50
2 51
2 41
2 42
2 43
2 44
2 45
2 46
2 47
2 48
2 49
2 4a
2 4b
2 4c
2 4d
2 4e
2 4f
2 50
2 51
2 52
2 53
2 54
2 55
2 56
2 57
2 58
2 59
2 2e
2 2f
2 30
2 13
2 14
2 15
2 16
2 17
2 18
2 19
2 1a
2 1b
2 1c
2 1d
2 1e
2 1f
2 20
2 21
2 22
2 23
2 24
2 25
2 26
2 27
2 28
2 29
2 2a
2 2b
2 2c
2 2d
2 2e
2 2f
2 30
2 31
2 32
2 33
2 34
2 35
2 36
2 37
2 b
2 c
2 d
2 e
2 f
2 10
2 b
2 c
2 d
2 e
2 f
2 d
2 e
2 f
2 10
2 11
2 12
2 13
2 14
2 11
2 12
2 13
2 14
2 15
2 a
2 b
2 6
2 7
2 8
2 9
2 a
2 b
2 c
2 d
2 e
2 f
2 10
2 11
2 12
2 13
2 14
2 15
2 16
2 17
2 18
2 19
2 1a
2 1b
2 1c
2 1d
2 1e
2 1f
2 20
2 21
2 22
2 23
2 24
2 25
2 26
2 27
2 28
2 29
2 2a
2 2b
2 2c
2 2d
2 2e
2 2f
2 30
2 31
2 32
2 33
2 34
2 35
2 36
2 37
2 38
2 39
2 3a
2 3b
2 3c
2 3d
2 3e
2 3f
2 40
2 41
2 42
2 43
2 44
2 45
2 46
2 47
2 48
2 49
2 4a
2 4b
2 4c
2 4d
2 4e
2 4f
2 50
2 51
2 52
2 53
2 54
2 55
2 56
2 57
2 58
2 59
2 5a
2 5b
2 5c
2 5d
2 5e
2 5f
2 60
2 61
2 62
2 63
2 64
2 65
2 66
2 67
2 68
2 69
2 6a
2 39
2 3a
2 3b
2 3c
2 3d
2 3e
2 3f
2 40
2 41
2 42
2 43
2 44
2 45
2 46
2 47
2 48
2 49
2 4a
2 4b
2 4c
2 4d
2 4e
2 4f
2 50
2 51
2 52
2 53
2 54
2 55
2 56
2 57
2 58
2 59
2 5a
2 5b
2 5c
2 5d
2 5e
2 5f
2 60
2 42
2 21
2 22
2 23
2 24
2 25
2 26
2 27
2 28
2 29
2 2a
2 2b
2 2c
2 2d
2 2e
2 2f
2 30
2 31
2 32
2 33
2 34
2 35
2 36
2 37
2 38
2 39
2 3a
2 3b
2 3c
2 3d
2 3e
2 3f
2 40
2 41
2 42
2 43
2 44
2 45
2 46
2 47
2 48
2 49
2 4a
2 4b
2 4c
2 4d
2 4e
2 4f
2 50
2 51
2 52
2 53
2 54
2 55
2 56
2 57
2 58
2 59
2 5a
2 5b
2 5c
2 5d
2 5e
2 5f
2 60
2 61
2 62
2 63
2 64
2 65
2 66
2 67
2 68
2 69
2 1e
2 1f
2 20
2 21
2 22
2 23
2 24
2 25
2 26
2 27
2 28
2 29
2 2a
2 2b
2 2c
2 2d
2 2e
2 2f
2 30
2 31
2 32
2 33
2 34
2 35
2 36
2 37
2 38
2 39
2 3a
2 3b
2 3c
2 3d
2 3e
2 3f
2 40
2 35
2 36
2 37
2 38
2 39
2 3a
2 3b
2 3c
2 3d
2 3e
2 3f
2 40
2 41
2 42
2 43
2 44
2 45
2 36
2 37
2 38
2 39
2 3a
2 d
2 e
2 f
2 10
2 9
2 a
2 b
2 c
2 d
2 e
2 f
2 10
2 11
2 12
2 13
2 14
2 15
2 16
2 17
2 18
2 19
2 1a
2 1b
2 1c
2 1d
2 1e
2 1f
2 20
2 21
2 22
2 23
2 24
2 25
2 26
2 27
2 28
2 29
2 2a
2 2b
2 2c
2 2d
2 2e
2 2f
2 30
2 31
2 32
2 33
2 34
2 35
2 36
2 37
2 38
2 e
2 f
2 10
2 11
2 12
2 13
2 14
2 15
2 16
2 17
2 18
2 19
2 a
2 b
2 c
2 d
2 e
2 f
2 10
2 11
2 12
2 13
2 14
2 15
2 16
2 17
2 18
2 19
2 1a
2 1b
2 1c
2 1d
2 1e
2 1f
2 20
2 21
2 22
2 23
2 24
2 25
2 26
2 27
2 28
2 29
2 2a
2 2b
2 2c
2 2d
2 2e
2 2f
2 30
2 31
2 32
2 33
2 34
2 35
2 36
2 37
2 f
2 10
2 11
2 12
2 13
2 14
2 15
2 16
2 17
2 18
2 19
2 1a
2 1b
2 1c
2 1d
2 7
2 8
2 9
2 a
2 b
2 c
2 d
2 e
2 f
2 10
2 11
2 12
2 13
2 14
2 15
2 16
2 17
2 18
2 19
2 1a
2 1b
2 1c
2 1d
2 1e
2 1f
2 20
2 21
2 22
2 23
2 24
2 25
2 26
2 27
2 28
2 29
2 2a
2 2b
2 2c
2 2d
2 2e
2 2f
2 30
2 31
2 32
2 33
2 c
2 d
2 5
2 6
2 7
2 8
2 9
2 a
2 9
2 a
2 b
2 c
2 d
2 e
2 f
2 10
2 11
2 12
2 13
2 14
2 15
2 16
2 17
2 18
2 19
2 1a
2 1b
2 1c
2 16
2 17
2 13
2 14
2 15
2 16
2 17
2 18
2 19
2 6
2 7
2 8
2 4
2 5
2 6
2 7
2 8
2 9
2 a
2 b
2 c
2 d
2 e
2 f
2 10
2 11
2 12
2 13
2 14
2 15
2 16
2 17
2 18
2 19
2 1a
2 1b
2 1c
2 1d
2 1e
2 1f
2 20
2 21
2 22
2 23
2 24
2 25
2 26
2 27
2 28
2 29
2 2a
2 2b
2 2c
2 2d
2 2e
2 2f
2 30
2 31
2 32
2 33
2 34
2 35
2 36
2 37
2 38
2 39
2 15
2 16
2 17
2 18
2 19
2 1a
2 1b
2 1c
2 1d
2 1e
2 1f
2 20
2 21
2 22
2 23
2 24
2 25
2 26
2 27
2 28
2 29
2 2a
2 2b
2 2c
2 2d
2 2e
2 2f
2 30
2 31
2 32
2 33
2 34
2 35
2 36
2 37
2 38
2 39
2 3a
2 19
2 1a
2 1b
2 1c
2 1d
2 1e
2 1f
2 20
2 21
2 22
2 23
2 24
2 25
2 26
2 27
2 28
2 29
2 2a
2 2b
2 2c
2 2d
2 2e
2 2f
2 30
2 31
2 32
2 33
2 34
2 35
2 36
2 37
2 38
2 39
2 3a
2 3b
2 3c
2 3d
2 3e
2 3f
2 40
2 41
2 42
2 43
2 44
2 45
2 46
2 47
2 48
2 e
2 f
2 10
2 11
2 12
2 13
2 14
2 15
2 16
2 17
2 18
2 19
2 1a
2 1b
2 1c
2 1d
2 1e
2 1f
2 20
2 21
2 22
2 23
2 24
2 25
2 26
2 27
2 26
2 27
2 28
2 29
2 2a
2 2b
2 2c
2 2d
2 2e
2 2f
2 30
2 31
2 32
2 33
2 34
2 35
2 36
2 37
2 38
2 39
2 3a
2 3b
2 3c
2 3d
2 3e
2 3f
2 40
2 41
2 42
2 43
2 44
2 45
2 46
2 47
2 48
2 49
2 4a
2 4b
2 4c
2 4d
2 4e
2 4f
2 50
2 51
2 52
2 53
2 54
2 55
2 56
2 57
2 58
2 59
2 5a
2 5b
2 5c
2 5d
2 5a
2 5b
2 5c
2 5d
2 5e
2 5f
2 60
2 5e
2 5f
2 60
2 61
2 2d
2 2e
2 2f
2 3
2 4
2 5
2 6
2 7
2 8
2 9
2 a
2 b
2 c
2 d
2 e
2 f
2 10
2 11
2 12
2 13
2 14
2 15
2 16
2 17
2 18
2 19
2 1a
2 1b
2 1c
2 1d
2 1e
2 1f
2 20
2 21
2 22
2 23
2 24
2 25
2 a
2 b
2 2
2 3
2 4
2 5
2 6
2 7
2 8
2 9
2 a
2 b
2 c
2 d
2 e
2 f
2 10
2 11
2 12
2 a
2 b
2 c
2 d
2 e
2 f
2 10
2 11
2 12
2 13
2 14
2 15
2 16
2 17
2 18
2 19
2 1a
2 1b
2 1c
2 1d
2 1e
2 1f
2 20
2 21
2 22
2 23
2 24
2 25
2 26
2 27
2 28
2 29
2 2a
2 2b
2 2c
2 2d
2 2e
2 2f
2 30
2 31
2 32
2 33
2 12
2 13
2 14
2 15
2 16
2 17
2 18
2 19
2 1a
2 1b
2 d
2 e
2 6
2 7
2 8
2 6
2 7
2 8
2 9
2 a
2 b
2 c
2 d
2 e
2 f
2 10
2 11
2 12
2 13
2 14
2 15
2 16
2 17
2 18
2 19
2 1a
2 1b
2 1c
2 1d
2 1e
2 1f
2 20
2 21
2 22
2 23
2 24
2 25
2 26
2 16
2 17
2 18
2 19
2 1a
2 1b
2 1c
2 1d
2 1e
2 1f
2 20
2 21
2 22
2 23
2 24
2 25
2 26
2 27
2 28
2 29
2 2a
2 2b
2 2c
2 2d
2 2e
2 2f
2 30
2 31
2 32
2 33
2 34
2 35
2 36
2 37
2 38
2 39
2 3a
2 3b
2 3c
2 3d
2 3e
2 3f
2 40
2 41
2 42
2 43
2 44
2 45
2 46
2 47
2 48
2 49
2 4a
2 4b
2 4c
2 4d
2 4e
2 4f
2 50
2 51
2 52
2 53
2 54
2 55
2 56
2 57
2 58
2 59
2 5a
2 5b
2 5c
2 5d
2 5e
2 5f
2 60
2 61
2 62
2 63
2 64
2 65
2 66
2 7
2 8
2 9
2 a
2 b
2 c
2 d
2 e
2 f
2 10
2 11
2 12
2 13
2 14
2 15
2 16
2 17
2 18
2 19
2 1a
2 1b
2 1c
2 1d
2 1e
2 1f
2 20
2 21
2 22
2 23
2 24
2 25
2 26
2 27
2 28
2 15
2 16
2 17
2 18
2 19
2 1a
2 1b
2 1c
2 1d
2 1e
2 1f
2 20
2 21
2 22
2 23
2 24
2 25
2 26
2 27
2 28
2 29
2 2a
2 2b
2 2c
2 2d
2 2e
2 2f
2 30
2 31
2 32
2 33
2 34
2 35
2 36
2 37
2 10
2 11
2 12
2 13
2 14
2 15
2 16
2 17
2 18
2 19
2 1a
2 1b
2 1c
2 1d
2 1e
2 1f
2 20
2 21
2 22
2 23
2 24
2 25
2 26
2 27
2 28
2 29
2 2a
2 9
2 a
2 6
2 2
2 3
2 4
2 5
2 6
2 7
2 8
2 9
2 a
2 b
2 c
2 d
2 e
2 f
2 10
2 11
2 12
2 13
2 14
2 15
2 16
2 17
2 18
2 19
2 1a
2 1b
2 1c
2 1d
2 1e
2 1f
2 20
2 21
2 22
2 23
2 24
2 25
2 26
2 27
2 28
2 29
2 2a
2 2b
2 2c
2 2d
2 2e
2 2f
2 30
2 31
2 32
2 33
2 34
2 35
2 36
2 37
2 38
2 39
2 14
2 15
2 16
2 17
2 18
2 19
2 1a
2 1b
2 1c
2 1d
2 1e
2 1f
2 20
2 21
2 22
2 23
2 24
2 25
2 26
2 27
2 28
2 29
2 2a
2 2b
2 2c
2 2d
2 2e
2 2f
2 30
2 31
2 32
2 33
2 34
2 35
2 36
2 37
2 38
2 39
2 3a
2 3b
2 3c
2 3d
2 3e
2 3f
2 40
2 41
2 42
2 43
2 44
2 45
2 46
2 47
2 24
2 25
2 26
2 27
2 28
2 29
2 2a
2 2b
2 2c
2 2d
2 2e
2 2f
2 4
2 5
2 6
2 7
2 8
2 9
2 a
2 b
2 c
2 d
2 e
2 f
2 10
2 11
2 12
2 13
2 14
2 15
2 16
2 17
2 18
2 19
2 1a
2 1b
2 1c
2 1d
2 1e
2 1f
2 20
2 21
2 17
2 18
2 19
2 1a
2 1b
2 1c
2 1d
2 1e
2 1f
2 20
2 21
2 22
2 23
2 24
2 25
2 26
2 27
2 28
2 29
2 2a
2 2b
2 2c
2 2d
2 2e
2 1c
2 1d
2 3
2 4
2 5
2 6
2 7
2 8
2 9
2 a
2 b
2 c
2 d
2 e
2 f
2 10
2 11
2 12
2 13
2 14
2 15
2 16
2 17
2 18
2 19
2 1a
2 1b
2 1c
2 1d
2 1e
2 1f
2 20
2 21
2 22
2 23
2 24
2 25
2 26
2 27
2 28
2 29
2 2a
2 2b
2 2c
2 2d
2 2e
2 2f
2 30
2 31
2 32
2 33
2 34
2 35
2 36
2 37
2 38
2 39
2 3a
2 3b
2 3c
2 3d
2 3e
2 22
2 6
2 7
2 8
2 9
2 a
2 b
2 c
2 d
2 e
2 f
2 10
2 11
2 12
2 13
2 14
2 15
2 16
2 17
2 18
2 19
2 1a
2 1b
2 1c
2 1d
2 1e
2 1f
2 20
2 21
2 22
2 23
2 24
2 25
2 26
2 27
2 28
2 29
2 2a
2 2b
2 2c
2 2d
2 2e
2 12
2 13
2 14
2 15
2 16
2 17
2 18
2 19
2 1a
2 1b
2 1c
2 1d
2 1e
2 1f
2 20
2 21
2 22
2 23
2 24
2 25
2 26
2 27
2 28
2 29
2 3
2 4
2 5
2 6
2 7
2 8
2 9
2 a
2 b
2 c
2 8
2 2
2 3
2 4
2 5
2 6
2 7
2 8
2 9
2 a
2 b
2 c
2 d
2 e
2 f
2 10
2 11
2 12
2 13
2 14
2 15
2 16
2 17
2 18
2 19
2 1a
2 1b
2 1c
2 1d
2 1e
2 1f
2 20
2 21
2 22
2 23
2 24
2 14
2 15
2 16
2 17
2 18
2 19
2 1a
2 1b
2 1c
2 1d
2 1e
2 1f
2 20
2 21
2 22
2 23
2 24
2 25
2 26
2 27
2 28
2 29
2 2a
2 24
2 25
2 26
2 27
2 28
2 29
2 2a
2 2b
2 2c
2 2d
2 2e
2 2f
2 30
2 31
2 32
2 33
2 34
2 35
2 36
2 37
2 38
2 39
2 3a
2 3b
2 3c
2 3d
2 3e
2 3f
2 40
2 41
2 42
2 43
2 44
2 45
2 46
2 47
2 48
2 49
2 4a
2 4b
2 4c
2 3e
2 3f
2 40
2 41
2 42
2 43
2 44
2 18
2 19
2 1a
2 1b
2 1c
2 1d
2 1e
2 1f
2 20
2 21
2 22
2 23
2 24
2 25
2 26
2 27
2 28
2 18
2 16
2 17
2 18
2 19
2 1a
2 1b
2 1c
2 1d
2 1e
2 1f
2 20
2 21
2 22
2 23
2 24
2 25
2 26
2 27
2 28
2 29
2 2a
2 2b
2 2c
2 2d
2 2e
2 2f
2 30
2 31
2 32
2 33
2 34
2 35
2 36
2 37
2 38
2 15
2 16
2 17
2 18
2 19
2 1a
2 1b
2 1c
2 1d
2 1e
2 1f
2 20
2 21
2 22
2 23
2 24
2 9
2 a
2 b
2 c
2 d
2 e
2 f
2 10
2 11
2 12
2 13
2 14
2 15
2 16
2 17
2 18
2 19
2 1a
2 19
2 1a
2 1b
2 1c
2 1d
2 1e
2 1f
2 20
2 21
2 22
2 23
2 24
2 25
2 26
2 1c
2 1d
2 1e
2 1f
2 20
2 21
2 22
2 23
2 24
2 25
2 26
2 27
2 28
2 29
2 2a
2 b
2 c
2 d
2 e
2 f
2 10
2 11
2 12
2 13
2 14
2 15
2 16
2 17
2 18
2 19
2 1a
2 1b
2 1c
2 1d
2 1e
2 1f
2 20
2 21
2 22
2 23
2 24
2 25
2 26
2 27
2 28
2 29
2 2a
2 2b
2 2c
2 2d
2 2e
2 2f
2 30
2 31
2 32
2 33
2 34
2 35
2 36
2 37
2 38
2 39
2 3a
2 3b
2 3c
2 3d
2 3e
2 3f
2 40
2 41
2 42
2 43
2 44
2 45
2 46
2 47
2 48
2 15
2 16
2 17
2 18
2 19
2 1a
2 1b
2 1c
2 1d
2 1e
2 1f
2 20
2 21
2 22
2 23
2 24
2 e
2 f
2 10
2 11
2 12
2 13
2 1
2 2
2 3
2 4
2 5
2 6
2 7
2 8
2 9
2 a
2 b
2 c
2 d
2 e
2 f
2 10
2 11
2 12
2 13
2 14
2 15
2 16
2 17
2 18
2 19
2 1a
2 1b
2 1c
2 1d
2 1e
2 1f
2 20
2 21
2 a
2 b
2 c
2 d
2 e
2 f
2 10
2 11
2 12
2 13
2 14
2 15
2 16
2 17
2 18
2 19
2 1a
2 1b
2 1c
2 1d
2 1e
2 1f
2 20
2 21
2 22
2 23
2 24
2 25
2 26
2 27
2 28
2 29
2 2a
2 2b
2 2c
2 2d
2 2e
2 2f
2 30
2 31
2 32
2 33
2 34
2 21
2 22
2 23
2 24
2 25
2 26
2 27
2 28
2 29
2 2a
2 2b
2 2c
2 2d
2 2e
2 2f
2 30
2 31
2 32
2 33
2 34
2 35
2 36
2 37
2 38
2 39
2 3a
2 3b
2 3c
2 3d
2 3e
2 3f
2 40
2 41
2 42
2 43
2 44
2 45
2 46
2 47
2 48
2 49
2 4a
2 4b
2 4c
2 4d
2 4e
2 4f
2 50
2 51
2 52
2 53
2 54
2 55
2 56
2 57
2 58
2 59
2 5a
2 5b
2 5c
2 5d
2 5e
2 5f
2 60
2 61
2 62
2 63
2 64
2 65
2 66
2 67
2 68
2 69
2 6a
2 6b
2 6c
2 6d
2 6e
2 6f
2 70
2 71
2 72
2 73
2 74
2 75
2 76
2 77
2 78
2 79
2 7a
2 7b
2 7c
2 7d
2 7e
2 7f
2 80
2 20
2 21
2 22
2 23
2 24
2 25
2 26
2 27
2 28
2 29
2 2a
2 2b
2 2c
2 2d
2 2e
2 2f
2 30
2 31
2 32
2 33
2 34
2 35
2 36
2 37
2 38
2 39
2 3a
2 3b
2 3c
2 3d
2 3e
2 36
2 37
2 38
2 39
2 3a
2 3b
2 3c
2 3d
