2 1902
2 209
2 83
2 662
2 1566
2 1693
2 760
2 730
2 1566
2 1188
2 1382
2 315
2 1566
2 862
2 562
2 885
2 1566
2 653
2 1067
2 1640
2 1566
2 663
2 46
2 400
2 1258
2 840
2 1709
2 1880
2 1258
2 1218
2 1734
2 731
2 1258
2 1818
2 1393
2 8
2 1258
2 105
2 738
2 430
2 1258
2 72
2 746
2 1363
2 1294
2 1308
2 200
2 1570
2 1294
2 1267
2 1162
2 1171
2 1294
2 1208
2 1571
2 1335
2 1294
2 1232
2 1167
2 1214
2 1294
2 853
2 1945
2 1829
2 402
2 1290
2 1837
2 39
2 402
2 527
2 469
2 642
2 402
2 1215
2 2005
2 1533
2 402
2 157
2 1055
2 388
2 402
2 169
2 1559
2 1307
2 1425
2 1082
2 594
2 1378
2 1425
2 1761
2 544
2 668
2 1425
2 441
2 449
2 1190
2 1425
2 238
2 1229
2 1080
2 1425
2 1699
2 1722
2 1364
2 765
2 1679
2 849
2 1342
2 765
2 1904
2 1730
2 1213
2 765
2 1242
2 473
2 1403
2 765
2 1067
2 733
2 543
2 765
2 1278
2 1211
2 1348
2 781
2 1661
2 490
2 1403
2 781
2 1720
2 435
2 617
2 781
2 109
2 1981
2 189
2 781
2 783
2 1531
2 1577
2 781
2 1214
2 742
2 665
2 639
2 1215
2 20
2 684
2 639
2 753
2 1227
2 1016
2 639
2 391
2 316
2 1703
2 639
2 806
2 1058
2 1903
2 639
2 1494
2 472
2 1849
2 478
2 406
2 2039
2 1344
2 478
2 1522
2 873
2 1828
2 478
2 1615
2 445
2 1096
2 478
2 465
2 1781
2 1018
2 478
2 960
2 2034
2 1202
2 1219
2 302
2 857
2 1355
2 1219
2 1916
2 1211
2 1587
2 1219
2 1683
2 1388
2 917
2 1219
2 1379
2 213
2 1230
2 1219
2 1086
2 1011
2 1542
2 854
2 1456
2 591
