2 809
2 1349
2 469
2 522
2 1687
2 1968
2 1984
2 1795
2 253
2 1059
2 312
2 403
2 526
2 1887
2 1739
2 475
2 468
2 683
2 825
2 498
2 1741
2 614
2 769
2 1467
2 656
2 840
2 1890
2 424
2 1962
2 239
2 1113
2 724
2 1588
2 1583
2 1246
2 1228
2 1503
2 1182
2 975
2 1756
2 193
2 1287
2 111
2 719
2 1126
2 1850
2 1195
2 1594
2 486
2 2020
2 45
2 179
2 587
2 814
2 1646
2 1243
2 1654
2 1488
2 1667
2 1568
2 1727
2 733
2 244
2 1268
2 268
2 1490
2 448
2 1771
2 624
2 1423
2 1480
2 818
2 662
2 1591
2 1537
2 1789
2 1394
2 684
2 1335
2 1880
2 657
2 1380
2 11
2 1244
2 146
2 1657
2 439
2 1800
2 1097
2 59
2 1321
2 776
2 792
2 1565
2 2044
2 1060
2 1008
2 444
2 783
2 1632
2 1867
2 215
2 402
2 482
2 1807
2 1940
2 223
2 1153
2 576
2 1558
2 985
2 1233
2 891
2 996
2 429
2 1037
2 605
2 869
2 790
2 1702
2 928
2 63
2 430
2 1720
2 1628
2 427
2 732
2 588
2 871
2 1515
2 173
2 691
2 1731
2 575
2 1173
2 1490
2 467
2 1396
2 595
2 1044
2 906
2 1580
2 229
2 1797
2 528
2 659
2 787
2 1133
2 1528
2 1577
2 787
2 408
2 1640
2 1217
2 80
2 1220
2 1644
2 812
2 1809
2 468
2 279
2 1982
2 1159
2 2010
2 509
2 284
2 1452
2 977
2 1680
2 2047
2 2021
2 538
2 1579
2 202
2 288
2 59
2 861
2 1075
2 1192
2 341
2 604
2 1979
2 749
2 196
2 1149
2 829
2 1416
2 745
2 1641
2 1177
2 1213
2 1921
2 1111
2 324
2 1883
2 1621
2 608
2 1288
2 550
2 240
2 1287
2 523
2 779
2 819
2 725
2 1067
2 878
